Cd.csv: 0.22285106887838646
Cl.csv: 2.6389424431592596
CpT_both.csv: -0.6597801991154731
CpT_flap1.csv: -1.125659329867219
CpT_flap2.csv: -0.6597801991154731
Cp_both.csv: -0.6597802285430899
