Cd.csv: 0.20896626805657717
Cl.csv: 2.535509724349003
CpT_both.csv: -0.6099425550054075
CpT_flap1.csv: -1.0635761509910133
CpT_flap2.csv: -0.6099425550054075
Cp_both.csv: -0.6099425809526553
