Cd.csv: 0.25590990886639814
Cl.csv: 2.868746128608966
CpT_both.csv: -0.7282362074517039
CpT_flap1.csv: -1.245589360486153
CpT_flap2.csv: -0.7282362074517039
Cp_both.csv: -0.7282362379208989
