0.5876146290581353 0.12514194957305075 0.0
0.5866804803001949 0.12466520565690879 0.0
0.5854934432101716 0.12406308695007118 0.0
0.5843054044401699 0.12346418013990407 0.0
0.583116381854042 0.12286852623668408 0.0
0.5819263679108309 0.12227616071782468 0.0
0.5807353671638422 0.12168712468825268 0.0
0.5795433715045202 0.1211014562957245 0.0
0.5783503979858612 0.1205192003652924 0.0
0.5771564125269014 0.11994039218219262 0.0
0.5759614319103521 0.1193650778430693 0.0
0.5747654215146788 0.11879329517634243 0.0
0.5735683588936956 0.11822508725646777 0.0
0.5723702478439098 0.11766049874882935 0.0
0.5711710269605235 0.1170995684341026 0.0
0.5699706989589031 0.11654234606403913 0.0
0.5687692281363734 0.11598887455342641 0.0
0.5675665525475662 0.11543919522612366 0.0
0.566362660840503 0.11489336148898988 0.0
0.5651575037857344 0.11435141736873623 0.0
0.5639510308023848 0.11381341325003332 0.0
0.562743191579864 0.11327939824595984 0.0
0.5615339355372961 0.11274942274118635 0.0
0.5603232234582987 0.11222354618119486 0.0
0.5591109785193029 0.11170181735972759 0.0
0.557897161233641 0.11118429699385843 0.0
0.5566816928857475 0.11067104277847277 0.0
0.5554645207324655 0.11016211527097626 0.0
0.5542455649770892 0.10965757725262186 0.0
0.5530247715250352 0.1091574956387746 0.0
0.5518020727549461 0.10866193845672316 0.0
0.55057738751869 0.10817097484567993 0.0
0.5493506595594022 0.10768468189374496 0.0
0.54812180664781 0.10720313382649815 0.0
0.546890758729989 0.10672641011555513 0.0
0.5456574579273634 0.10625459547856725 0.0
0.544421806862175 0.10578777288258935 0.0
0.5431837590203404 0.10532603610608418 0.0
0.5419432159429609 0.10486947320247411 0.0
0.5407001427507312 0.1044181857394414 0.0
0.539454452349245 0.10397227083121974 0.0
0.5382060695491594 0.10353183210967054 0.0
0.5369549567683173 0.10309698385839487 0.0
0.5357010382768053 0.10266783225243784 0.0
0.5344442491686321 0.10224449507083971 0.0
0.533184537524011 0.10182709152390088 0.0
0.5319218627876475 0.10141574988273308 0.0
0.5306561708774733 0.10101059953037175 0.0
0.5293874206976236 0.1006117712811124 0.0
0.5281155565443185 0.10021940214754174 0.0
0.5268405605912496 0.0998336385223943 0.0
0.5255624020259044 0.0994546253671445 0.0
0.5242810486843441 0.0990825140012262 0.0
0.5229964930236124 0.09871746496455279 0.0
0.5217087017986296 0.09835963466292566 0.0
0.5204176791012175 0.09800919142547776 0.0
0.5191234279420567 0.09766630866770953 0.0
0.5178259505209721 0.09733116361989709 0.0
0.5165252612131375 0.0970039387583523 0.0
0.5152213733125853 0.09668482164575452 0.0
0.5139143247343304 0.09637400906526275 0.0
0.5126041271506944 0.09607169620910762 0.0
0.5112908417462478 0.09577809543888714 0.0
0.5099745161787873 0.09549342022812297 0.0
0.5086551964843978 0.09521789167988802 0.0
0.5073329533201467 0.09495174011773484 0.0
0.5060078559916751 0.09469520222317539 0.0
0.5046799843582613 0.09444852755330863 0.0
0.5033494296436769 0.09421197472604491 0.0
0.5020162941659004 0.09398581269169787 0.0
0.5006806648241402 0.09377032041364794 0.0
0.49934267721899783 0.09356579783941858 0.0
0.4980024512620191 0.0933725562011919 0.0
0.4966601038916126 0.09319092071866074 0.0
0.49531578640995055 0.09302124252236019 0.0
0.4939696460649272 0.09286389181670354 0.0
0.49262183822550726 0.09271926312601811 0.0
0.4912725377462187 0.09258778435535649 0.0
0.4899219257106635 0.0924699166308284 0.0
0.48857018889094733 0.09236615684278449 0.0
0.4872175297607464 0.09227705306458703 0.0
0.48586416622502215 0.0922032058242019 0.0
0.48451031566068015 0.09214528066044908 0.0
0.48315623117233003 0.09210402513270186 0.0
0.4818021726467406 0.0920802799458772 0.0
0.48044841541448013 0.09207500072716607 0.0
0.47909525728984664 0.09208928743231484 0.0
0.4777430229079451 0.0921244264678256 0.0
0.47639208158853974 0.09218193170123276 0.0
0.4750428206759217 0.09226361986592624 0.0
0.4736957078103748 0.09237171151418308 0.0
0.47235125992521154 0.09250897062198911 0.0
0.4710100969124097 0.09267892731382317 0.0
0.46967297824201304 0.09288622455225806 0.0
0.46834086903787125 0.09313720765831365 0.0
0.4670150657355148 0.0934409650804986 0.0
0.465697442121086 0.09381140349510071 0.0
0.46439098349011726 0.09427186281301342 0.0
0.46310124714977086 0.09486777209739156 0.0
0.46226844192239247 0.09537039445897079 0.0
0.46163894757892493 0.09591623188298422 0.0
0.46119286664380865 0.09650105503044096 0.0
0.4609838573824744 0.09713626931774617 0.0
0.4608463674331652 0.09778668550410843 0.0
0.46076680455952673 0.09844941447050286 0.0
0.4610590103266687 0.09919116543382259 0.0
0.46194882810426335 0.1000599424854883 0.0
0.4637410626957863 0.10112053428522011 0.0
0.46511895753109195 0.10167153491597679 0.0
0.46647842295446434 0.10209511695458814 0.0
0.4678249543777553 0.10243700065874975 0.0
0.46916147628232774 0.10272081204752827 0.0
0.4704898043430064 0.10296073118946586 0.0
0.47181117715428933 0.10316611865373376 0.0
0.4731265084367874 0.10334358660519573 0.0
0.4744364916186073 0.10349803243541775 0.0
0.4757416994332171 0.10363323939549704 0.0
0.4770425953772942 0.1037522166083673 0.0
0.47833960009228077 0.10385742449643476 0.0
0.47963304972794857 0.10395090813905752 0.0
0.4809232649527262 0.10403441029030858 0.0
0.48221052412889276 0.10410943505322004 0.0
0.483495079933118 0.10417729473938238 0.0
0.4847771636665117 0.10423915211830395 0.0
0.48605699280809483 0.1042960474076679 0.0
0.48733477946021264 0.1043489210673358 0.0
0.48861070148407476 0.10439862454286067 0.0
0.48988493823872986 0.10444593970646968 0.0
0.4911576555839401 0.10449158688644769 0.0
0.4924290043611781 0.10453623201348361 0.0
0.49369913160135426 0.10458049641900508 0.0
0.49496817956260175 0.10462496136204553 0.0
0.4962362719634885 0.10467017027034152 0.0
0.49750352591510927 0.10471663513080108 0.0
0.49877006452889 0.1047648397009925 0.0
0.5000359767416929 0.10481524093752746 0.0
0.5013013573285401 0.10486826833063302 0.0
0.50256631675351 0.10492434008587755 0.0
0.5038309192118542 0.1049838419803595 0.0
0.5050952448581651 0.10504714723492671 0.0
0.5063593643745391 0.10511461110847252 0.0
0.507623339240861 0.10518656962634379 0.0
0.5088872206536639 0.1052633446667085 0.0
0.5101510627826178 0.10534524412022392 0.0
0.5114148973386924 0.10543255648433268 0.0
0.512678758195139 0.10552556008374236 0.0
0.5139426946439796 0.10562452323009372 0.0
0.5152067070055574 0.10572969452247641 0.0
0.5164708242754756 0.10584131270658147 0.0
0.517735051368926 0.1059596047644366 0.0
0.518999396174237 0.10608478369055879 0.0
0.5202638560261001 0.10621704960387801 0.0
0.5215284296106332 0.10635659626536483 0.0
0.5227931185870907 0.10650360344847909 0.0
0.5240578883589672 0.10665823391698157 0.0
0.5253227321941619 0.10682064439601006 0.0
0.5265876192801622 0.10699097984703901 0.0
0.5278525215073074 0.10716937251562401 0.0
0.5291174256441376 0.10735594717743763 0.0
0.5303822822034321 0.10755081159845331 0.0
0.5316470565761713 0.10775406607476143 0.0
0.532911703329413 0.1079657992984572 0.0
0.5341761921787004 0.10818609122016093 0.0
0.5354404817453691 0.10841501145808961 0.0
0.5367045206376881 0.1086526142116895 0.0
0.5379682463697187 0.10889894334800351 0.0
0.5392316370358453 0.10915403939830365 0.0
0.540494634204407 0.10941792715575463 0.0
0.5417571694306763 0.10969061599475044 0.0
0.5430192267553121 0.10997211847154166 0.0
0.5442807285313753 0.1102624247269758 0.0
0.5455416506784545 0.1105615229973895 0.0
0.5468019196038887 0.11086938434975206 0.0
0.5480615028359107 0.11118597397207805 0.0
0.54932035599769 0.11151125053475441 0.0
0.5505784246993293 0.11184515728939727 0.0
0.5518356824153356 0.1121876314489998 0.0
0.5530920779992341 0.1125386010060756 0.0
0.5543475762638909 0.11289798139688761 0.0
0.5556021558192319 0.11326568567418333 0.0
0.556855772005627 0.11364161131227113 0.0
0.5581084077575651 0.11402565101842839 0.0
0.559360022199409 0.11441768446467719 0.0
0.5606106144952738 0.11481759053045242 0.0
0.5618601475535151 0.11522523108548982 0.0
0.563108624322241 0.11564046720693794 0.0
0.564356036655352 0.11606314963954205 0.0
0.5656023788393155 0.11649311768372049 0.0
0.5668476462417397 0.1169302055535241 0.0
0.5680918361222289 0.11737423856186051 0.0
0.5693349857801407 0.11782504122905016 0.0
0.5705770832728683 0.11828241963445425 0.0
0.5718181439816389 0.11874617636199483 0.0
0.5730582230571474 0.11921611447459855 0.0
0.5742973134219207 0.11969201716297279 0.0
0.575535473470076 0.12017367223094161 0.0
0.5767727380558896 0.120660853175482 0.0
0.5780091306691445 0.12115332443275957 0.0
0.5792447272850104 0.12165085362079653 0.0
0.580479554636693 0.12215318991665589 0.0
0.5817136921049553 0.12266008491630216 0.0
0.5829471950171774 0.12317127832487731 0.0
0.5841801331194549 0.12368650453934649 0.0
0.5854125650636759 0.12420548762427146 0.0
0.586644576447163 0.12472794992900353 0.0
0.5876146290581353 0.12514194957305075 0.0
