0.99980552,-0.01972094,0.0
0.99956136,-0.01967612,0.0
0.99882885,-0.01954265,0.0
0.99760799,-0.01932053,0.0
0.99590079,-0.01900980,0.0
0.99370822,-0.01861148,0.0
0.99103328,-0.01812563,0.0
0.98787891,-0.01755532,0.0
0.98424616,-0.01689855,0.0
0.98014094,-0.01615945,0.0
0.97556524,-0.01533805,0.0
0.97052506,-0.01443548,0.0
0.96502433,-0.01345481,0.0
0.95906905,-0.01239616,0.0
0.95266416,-0.01126263,0.0
0.94581660,-0.01005735,0.0
0.93853236,-0.00878045,0.0
0.93082042,-0.00743410,0.0
0.92268567,-0.00602240,0.0
0.91413812,-0.00454655,0.0
0.90518468,-0.00300968,0.0
0.89583533,-0.00141399,0.0
0.88609801,0.00023736,0.0
0.87598368,0.00194315,0.0
0.86550127,0.00369922,0.0
0.85466074,0.00550336,0.0
0.84347305,0.00735335,0.0
0.83194911,0.00924498,0.0
0.82010091,0.01117701,0.0
0.80793936,0.01314523,0.0
0.79547642,0.01514740,0.0
0.78272503,0.01718027,0.0
0.76969613,0.01924061,0.0
0.75640366,0.02132515,0.0
0.74286058,0.02343265,0.0
0.72907981,0.02555783,0.0
0.71507530,0.02769843,0.0
0.70086101,0.02985217,0.0
0.68644984,0.03201379,0.0
0.67185676,0.03418200,0.0
0.65709570,0.03635252,0.0
0.64218058,0.03852209,0.0
0.62712734,0.04068637,0.0
0.61194994,0.04284410,0.0
0.59666328,0.04498999,0.0
0.58128231,0.04712073,0.0
0.56582198,0.04923403,0.0
0.55029819,0.05132458,0.0
0.53472489,0.05339010,0.0
0.51911901,0.05542626,0.0
0.50349349,0.05742980,0.0
0.48786623,0.05939637,0.0
0.47225020,0.06132371,0.0
0.45666230,0.06320648,0.0
0.44111646,0.06504142,0.0
0.42562865,0.06682620,0.0
0.41021378,0.06855653,0.0
0.39488778,0.07022910,0.0
0.37963457,0.07183922,0.0
0.36444072,0.07336615,0.0
0.34931980,0.07478663,0.0
0.33429029,0.07607528,0.0
0.31936576,0.07720982,0.0
0.30456381,0.07816992,0.0
0.28990206,0.07893521,0.0
0.27539920,0.07949133,0.0
0.26107292,0.07982092,0.0
0.24694400,0.07991357,0.0
0.23302922,0.07975796,0.0
0.21935147,0.07934761,0.0
0.20592864,0.07867719,0.0
0.19278272,0.07774626,0.0
0.17993272,0.07655445,0.0
0.16739974,0.07510733,0.0
0.15520289,0.07340953,0.0
0.14336237,0.07147166,0.0
0.13189742,0.06930534,0.0
0.12082529,0.06692323,0.0
0.11016333,0.06434299,0.0
0.09992889,0.06158228,0.0
0.09013536,0.05865985,0.0
0.08079919,0.05559938,0.0
0.07193077,0.05242065,0.0
0.06354361,0.04914842,0.0
0.05564715,0.04580549,0.0
0.04824986,0.04241572,0.0
0.04136124,0.03900390,0.0
0.03498673,0.03559295,0.0
0.02913179,0.03220576,0.0
0.02379988,0.02886526,0.0
0.01899638,0.02559135,0.0
0.01472169,0.02240403,0.0
0.01097717,0.01932128,0.0
0.00776415,0.01636007,0.0
0.00508090,0.01353443,0.0
0.00292671,0.01085839,0.0
0.00129974,0.00834099,0.0
0.00019819,0.00599126,0.0
-0.00038383,0.00381531,0.0
-0.00044823,0.00181819,0.0
0.00000000,0.00000000,0.0
0.00094532,-0.00161596,0.0
0.00237311,-0.00300939,0.0
0.00427630,-0.00418515,0.0
0.00664973,-0.00515014,0.0
0.00948429,-0.00591019,0.0
0.01277479,-0.00647519,0.0
0.01651199,-0.00685697,0.0
0.02068767,-0.00706635,0.0
0.02529456,-0.00711722,0.0
0.03032341,-0.00702237,0.0
0.03576588,-0.00679866,0.0
0.04161370,-0.00645992,0.0
0.04785853,-0.00602299,0.0
0.05449106,-0.00550369,0.0
0.06150396,-0.00491887,0.0
0.06888989,-0.00428541,0.0
0.07663953,-0.00361911,0.0
0.08474760,-0.00293487,0.0
0.09320674,-0.00225056,0.0
0.10201070,-0.00157905,0.0
0.11115317,-0.00093523,0.0
0.12063091,-0.00033202,0.0
0.13043664,0.00021671,0.0
0.14056716,0.00070102,0.0
0.15101928,0.00111097,0.0
0.16178778,0.00143567,0.0
0.17286852,0.00166819,0.0
0.18425936,0.00180158,0.0
0.19595524,0.00183193,0.0
0.20795304,0.00175431,0.0
0.22024677,0.00156883,0.0
0.23283242,0.00127457,0.0
0.24570399,0.00087266,0.0
0.25885558,0.00036720,0.0
0.27227930,-0.00023565,0.0
0.28596928,-0.00092976,0.0
0.29991372,-0.00170391,0.0
0.31410586,-0.00254696,0.0
0.32853394,-0.00344567,0.0
0.34318627,-0.00438481,0.0
0.35805018,-0.00534713,0.0
0.37311404,-0.00631439,0.0
0.38836327,-0.00726430,0.0
0.40375324,-0.00817798,0.0
0.41924107,-0.00904959,0.0
0.43480872,-0.00987976,0.0
0.45044219,-0.01066922,0.0
0.46612546,-0.01141865,0.0
0.48184450,-0.01212979,0.0
0.49758126,-0.01280426,0.0
0.51332076,-0.01344078,0.0
0.52904795,-0.01404305,0.0
0.54474680,-0.01461076,0.0
0.56040232,-0.01514461,0.0
0.57599746,-0.01564626,0.0
0.59151821,-0.01611643,0.0
0.60694852,-0.01655682,0.0
0.62227341,-0.01696712,0.0
0.63747682,-0.01735002,0.0
0.65254374,-0.01770522,0.0
0.66746017,-0.01803345,0.0
0.68221108,-0.01833541,0.0
0.69678043,-0.01861379,0.0
0.71115522,-0.01886732,0.0
0.72532043,-0.01909772,0.0
0.73926202,-0.01930670,0.0
0.75296699,-0.01949401,0.0
0.76642133,-0.01966037,0.0
0.77961099,-0.01980752,0.0
0.79252299,-0.01993518,0.0
0.80514527,-0.02004512,0.0
0.81746484,-0.02013809,0.0
0.82946966,-0.02021485,0.0
0.84114672,-0.02027615,0.0
0.85248600,-0.02032278,0.0
0.86347548,-0.02035651,0.0
0.87410414,-0.02037712,0.0
0.88436193,-0.02038742,0.0
0.89423787,-0.02038618,0.0
0.90372291,-0.02037623,0.0
0.91280703,-0.02035837,0.0
0.92148123,-0.02033243,0.0
0.92973647,-0.02030023,0.0
0.93756572,-0.02026362,0.0
0.94496097,-0.02022245,0.0
0.95191320,-0.02017755,0.0
0.95841737,-0.02013181,0.0
0.96446649,-0.02008409,0.0
0.97005352,-0.02003627,0.0
0.97517344,-0.01998923,0.0
0.97982222,-0.01994490,0.0
0.98399387,-0.01990216,0.0
0.98768439,-0.01986193,0.0
0.99089069,-0.01982715,0.0
0.99360884,-0.01979575,0.0
0.99583679,-0.01976968,0.0
0.99757156,-0.01974789,0.0
0.99881209,-0.01973335,0.0
0.99955741,-0.01972405,0.0
0.99980552,-0.01972094,0.0
1.51066791,-0.29337192,0.0
1.50594818,-0.29027107,0.0
1.49994858,-0.28635050,0.0
1.49394173,-0.28244653,0.0
1.48792771,-0.27855940,0.0
1.48190645,-0.27468928,0.0
1.47587794,-0.27083641,0.0
1.46984214,-0.26700097,0.0
1.46379909,-0.26318323,0.0
1.45774860,-0.25938334,0.0
1.45169073,-0.25560157,0.0
1.44562527,-0.25183810,0.0
1.43955208,-0.24809314,0.0
1.43347115,-0.24436694,0.0
1.42738212,-0.24065966,0.0
1.42128500,-0.23697159,0.0
1.41517955,-0.23330291,0.0
1.40906542,-0.22965383,0.0
1.40294253,-0.22602461,0.0
1.39681057,-0.22241547,0.0
1.39066926,-0.21882665,0.0
1.38451828,-0.21525837,0.0
1.37835735,-0.21171088,0.0
1.37218622,-0.20818448,0.0
1.36600444,-0.20467937,0.0
1.35981178,-0.20119587,0.0
1.35360777,-0.19773423,0.0
1.34739210,-0.19429474,0.0
1.34116430,-0.19087770,0.0
1.33492404,-0.18748344,0.0
1.32867093,-0.18411227,0.0
1.32240448,-0.18076452,0.0
1.31612436,-0.17744057,0.0
1.30983007,-0.17414076,0.0
1.30352120,-0.17086549,0.0
1.29719738,-0.16761517,0.0
1.29085805,-0.16439019,0.0
1.28450290,-0.16119102,0.0
1.27813135,-0.15801807,0.0
1.27174316,-0.15487188,0.0
1.26533781,-0.15175290,0.0
1.25891482,-0.14866165,0.0
1.25247394,-0.14559872,0.0
1.24601469,-0.14256463,0.0
1.23953666,-0.13955998,0.0
1.23303949,-0.13658536,0.0
1.22652291,-0.13364145,0.0
1.21998653,-0.13072891,0.0
1.21343007,-0.12784841,0.0
1.20685315,-0.12500064,0.0
1.20025558,-0.12218640,0.0
1.19363711,-0.11940642,0.0
1.18699749,-0.11666151,0.0
1.18033658,-0.11395251,0.0
1.17365410,-0.11128026,0.0
1.16694999,-0.10864564,0.0
1.16022415,-0.10604959,0.0
1.15347649,-0.10349306,0.0
1.14670699,-0.10097703,0.0
1.13991560,-0.09850252,0.0
1.13310241,-0.09607060,0.0
1.12626738,-0.09368233,0.0
1.11941069,-0.09133887,0.0
1.11253248,-0.08904140,0.0
1.10563287,-0.08679112,0.0
1.09871211,-0.08458931,0.0
1.09177041,-0.08243729,0.0
1.08480807,-0.08033642,0.0
1.07782541,-0.07828816,0.0
1.07082284,-0.07629399,0.0
1.06380064,-0.07435547,0.0
1.05675937,-0.07247427,0.0
1.04969950,-0.07065214,0.0
1.04262144,-0.06889088,0.0
1.03552581,-0.06719247,0.0
1.02841318,-0.06555897,0.0
1.02128414,-0.06399258,0.0
1.01413939,-0.06249569,0.0
1.00697961,-0.06107089,0.0
0.99980552,-0.05972094,0.0
0.99261788,-0.05844889,0.0
0.98541750,-0.05725809,0.0
0.97820516,-0.05615222,0.0
0.97098176,-0.05513544,0.0
0.96374821,-0.05421240,0.0
0.95650542,-0.05338837,0.0
0.94925433,-0.05266942,0.0
0.94199593,-0.05206263,0.0
0.93473130,-0.05157630,0.0
0.92746146,-0.05122040,0.0
0.92018759,-0.05100709,0.0
0.91291083,-0.05095146,0.0
0.90563244,-0.05107278,0.0
0.89835375,-0.05139633,0.0
0.89107619,-0.05195665,0.0
0.88380136,-0.05280316,0.0
0.87653111,-0.05401137,0.0
0.86926771,-0.05570798,0.0
0.86201419,-0.05813941,0.0
0.85726121,-0.06034012,0.0
0.85357102,-0.06289165,0.0
0.85083963,-0.06575966,0.0
0.84896302,-0.06890982,0.0
0.84783718,-0.07230780,0.0
0.84741387,-0.07593767,0.0
0.84854186,-0.08007961,0.0
0.85279386,-0.08525274,0.0
0.86176324,-0.09198300,0.0
0.86881444,-0.09574216,0.0
0.87584189,-0.09880848,0.0
0.88284815,-0.10142991,0.0
0.88983496,-0.10373463,0.0
0.89680372,-0.10579961,0.0
0.90375555,-0.10767567,0.0
0.91069145,-0.10939874,0.0
0.91761226,-0.11099544,0.0
0.92451882,-0.11248636,0.0
0.93141184,-0.11388787,0.0
0.93829213,-0.11521340,0.0
0.94516028,-0.11647409,0.0
0.95201699,-0.11767945,0.0
0.95886286,-0.11883769,0.0
0.96569847,-0.11995600,0.0
0.97252437,-0.12104073,0.0
0.97934113,-0.12209757,0.0
0.98614932,-0.12313169,0.0
0.99294939,-0.12414774,0.0
0.99974184,-0.12515002,0.0
1.00652714,-0.12614248,0.0
1.01330571,-0.12712877,0.0
1.02007796,-0.12811230,0.0
1.02684432,-0.12909627,0.0
1.03360513,-0.13008367,0.0
1.04036071,-0.13107729,0.0
1.04711143,-0.13207980,0.0
1.05385752,-0.13309371,0.0
1.06059921,-0.13412135,0.0
1.06733686,-0.13516505,0.0
1.07407059,-0.13622689,0.0
1.08080059,-0.13730893,0.0
1.08752705,-0.13841311,0.0
1.09425010,-0.13954125,0.0
1.10096981,-0.14069513,0.0
1.10768630,-0.14187641,0.0
1.11439956,-0.14308665,0.0
1.12110962,-0.14432738,0.0
1.12781659,-0.14560004,0.0
1.13452031,-0.14690598,0.0
1.14122080,-0.14824649,0.0
1.14791795,-0.14962278,0.0
1.15461169,-0.15103601,0.0
1.16130188,-0.15248723,0.0
1.16798840,-0.15397749,0.0
1.17467115,-0.15550776,0.0
1.18134985,-0.15707887,0.0
1.18802437,-0.15869166,0.0
1.19469447,-0.16034691,0.0
1.20135991,-0.16204528,0.0
1.20802055,-0.16378745,0.0
1.21467607,-0.16557396,0.0
1.22132621,-0.16740533,0.0
1.22797069,-0.16928201,0.0
1.23460929,-0.17120441,0.0
1.24124175,-0.17317287,0.0
1.24786776,-0.17518765,0.0
1.25448697,-0.17724896,0.0
1.26109924,-0.17935700,0.0
1.26770422,-0.18151186,0.0
1.27430157,-0.18371356,0.0
1.28089117,-0.18596215,0.0
1.28747263,-0.18825754,0.0
1.29404581,-0.19059964,0.0
1.30061035,-0.19298826,0.0
1.30716609,-0.19542320,0.0
1.31371281,-0.19790421,0.0
1.32025026,-0.20043095,0.0
1.32677833,-0.20300306,0.0
1.33329680,-0.20562014,0.0
1.33980552,-0.20828172,0.0
1.34630442,-0.21098730,0.0
1.35279334,-0.21373632,0.0
1.35927225,-0.21652820,0.0
1.36574098,-0.21936226,0.0
1.37219962,-0.22223786,0.0
1.37864804,-0.22515424,0.0
1.38508634,-0.22811065,0.0
1.39151457,-0.23110628,0.0
1.39793279,-0.23414029,0.0
1.40434107,-0.23721177,0.0
1.41073950,-0.24031979,0.0
1.41712839,-0.24346344,0.0
1.42350777,-0.24664166,0.0
1.42987786,-0.24985341,0.0
1.43623906,-0.25309768,0.0
1.44259146,-0.25637328,0.0
1.44893550,-0.25967913,0.0
1.45527150,-0.26301403,0.0
1.46159972,-0.26637673,0.0
1.46792071,-0.26976603,0.0
1.47423476,-0.27318062,0.0
1.48054243,-0.27661919,0.0
1.48684418,-0.28008041,0.0
1.49314054,-0.28356287,0.0
1.49943198,-0.28706515,0.0
1.50571912,-0.29058580,0.0
1.51066791,-0.29337192,0.0
