Cd.csv: 1.2267270148767757
Cl.csv: 3.3584618924222926
CpT_both.csv: -0.8898457792686868
CpT_flap1.csv: -1.5170220892627013
CpT_flap2.csv: -0.8898457792686868
Cp_both.csv: -0.8898458159077115
