Cd.csv: 1.0240883126042328
Cl.csv: 2.7897178118497257
CpT_both.csv: -0.7512010442701661
CpT_flap1.csv: -1.2191264330853824
CpT_flap2.csv: -0.7512010442701661
Cp_both.csv: -0.751201076024112
