Cd.csv: 0.9177203275876858
Cl.csv: 2.5285982683828636
CpT_both.csv: -0.659465127068914
CpT_flap1.csv: -1.0692815777089943
CpT_flap2.csv: -0.659465127068914
Cp_both.csv: -0.65946515688044
