Cd.csv: 0.23786417255518852
Cl.csv: 2.788080649945916
CpT_both.csv: -0.721349380541707
CpT_flap1.csv: -1.2151404417966787
CpT_flap2.csv: -0.721349380541707
Cp_both.csv: -0.7213494102411089
