Cd.csv: 0.2542018775938083
Cl.csv: 2.9000512751691767
CpT_both.csv: -0.748841476802781
CpT_flap1.csv: -1.2664579265184281
CpT_flap2.csv: -0.748841476802781
Cp_both.csv: -0.7488415153181487
