Force Coefficients for group 1 --> /home/liukushka/Desktop/Università/Magistrale/ProgettoAerodinamico/progettoAerodinamico/Pythonism/automatizzazioneVSP/FW_cycle_DegenGeom 

   Time        Cx         Cy         Cz        Cxo        Cyo        Czo        Cxi        Cyi        Czi        Cmx        Cmy        Cmz        Cmxo       Cmyo       Cmzo       Cmxi       Cmyi       Cmzi        CL         CD         CS        CLo        CDo        CSo        CLi        CDi        CSi 
   1.00000    0.11931    0.02656   -1.37917    0.02193   -0.00005    0.00204    0.09738    0.02661   -1.38121   -0.01671    0.16343    0.00353   -0.00000   -0.00033   -0.00016   -0.01671    0.16376    0.00368   -1.37917    0.11931    0.02656    0.00204    0.02193   -0.00005   -1.38121    0.09738    0.02661 
   2.00000    0.12697   -0.00645   -1.34836    0.02181   -0.00001    0.00204    0.10516   -0.00644   -1.35040   -0.00829    0.12746   -0.00134    0.00000   -0.00033    0.00003   -0.00830    0.12779   -0.00137   -1.34836    0.12697   -0.00645    0.00204    0.02181   -0.00001   -1.35040    0.10516   -0.00644 
   3.00000    0.12743    0.00036   -1.24042    0.02135   -0.00001    0.00198    0.10608    0.00036   -1.24239   -0.00597    0.06396    0.00057   -0.00000   -0.00030   -0.00000   -0.00597    0.06426    0.00057   -1.24042    0.12743    0.00036    0.00198    0.02135   -0.00001   -1.24239    0.10608    0.00036 
   4.00000    0.15334    0.01398   -1.16969    0.02089    0.00002    0.00186    0.13246    0.01396   -1.17154   -0.00486    0.01437    0.00086    0.00002   -0.00029   -0.00003   -0.00489    0.01467    0.00089   -1.16969    0.15334    0.01398    0.00186    0.02089    0.00002   -1.17154    0.13246    0.01396 
   5.00000    0.10332    0.00397   -1.13163    0.02085    0.00001    0.00152    0.08248    0.00396   -1.13315    0.01166   -0.00485    0.00207    0.00003   -0.00016   -0.00000    0.01163   -0.00469    0.00208   -1.13163    0.10332    0.00397    0.00152    0.02085    0.00001   -1.13315    0.08248    0.00396 
   6.00000    0.13395    0.01115   -1.22407    0.02099   -0.00004    0.00145    0.11296    0.01119   -1.22551    0.00343    0.05918    0.00201   -0.00001   -0.00011    0.00006    0.00344    0.05929    0.00195   -1.22407    0.13395    0.01115    0.00145    0.02099   -0.00004   -1.22551    0.11296    0.01119 
   7.00000    0.12087    0.01603   -1.20884    0.02079   -0.00004    0.00155    0.10007    0.01607   -1.21038   -0.01650    0.06918    0.00369   -0.00001   -0.00015    0.00006   -0.01649    0.06933    0.00363   -1.20884    0.12087    0.01603    0.00155    0.02079   -0.00004   -1.21038    0.10007    0.01607 
   8.00000    0.11979    0.05217   -1.29864    0.02112    0.00000    0.00149    0.09867    0.05217   -1.30013    0.02628    0.13299    0.00875    0.00004   -0.00014    0.00022    0.02624    0.13313    0.00854   -1.29864    0.11979    0.05217    0.00149    0.02112    0.00000   -1.30013    0.09867    0.05217 
   9.00000    0.12291    0.07892   -1.46206    0.02168    0.00007    0.00134    0.10123    0.07885   -1.46341    0.10487    0.24009    0.01443    0.00009   -0.00009    0.00045    0.10478    0.24018    0.01398   -1.46206    0.12291    0.07892    0.00134    0.02168    0.00007   -1.46341    0.10123    0.07885 
  10.00000    0.11448    0.00664   -1.28610    0.02104   -0.00011    0.00179    0.09345    0.00675   -1.28789    0.00647    0.12253   -0.00178   -0.00018   -0.00025    0.00008    0.00665    0.12278   -0.00186   -1.28610    0.11448    0.00664    0.00179    0.02104   -0.00011   -1.28789    0.09345    0.00675 
  11.00000    0.24066   -0.02772   -1.24245    0.02105    0.00008    0.00186    0.21961   -0.02780   -1.24431   -0.01598    0.08286    0.06230   -0.00000   -0.00026    0.00003   -0.01598    0.08312    0.06227   -1.24245    0.24066   -0.02772    0.00186    0.02105    0.00008   -1.24431    0.21961   -0.02780 
  12.00000    0.11479    0.08840   -1.25609    0.02186    0.00006    0.00198    0.09293    0.08834   -1.25807   -0.02749    0.09054    0.03922    0.00003   -0.00033   -0.00035   -0.02752    0.09087    0.03958   -1.25609    0.11479    0.08840    0.00198    0.02186    0.00006   -1.25807    0.09293    0.08834 
  13.00000    0.11016    0.07069   -1.23849    0.02110   -0.00011    0.00183    0.08906    0.07080   -1.24032   -0.02450    0.09451    0.02451    0.00009   -0.00028   -0.00018   -0.02458    0.09479    0.02469   -1.23849    0.11016    0.07069    0.00183    0.02110   -0.00011   -1.24032    0.08906    0.07080 
  14.00000    0.12996    0.01572   -1.24795    0.02079    0.00012    0.00169    0.10917    0.01560   -1.24964   -0.02482    0.12054    0.01138    0.00010   -0.00020   -0.00009   -0.02492    0.12074    0.01147   -1.24795    0.12996    0.01572    0.00169    0.02079    0.00012   -1.24964    0.10917    0.01560 
  15.00000    0.12475    0.04720   -1.26235    0.02105   -0.00005    0.00170    0.10370    0.04724   -1.26405   -0.00970    0.14864    0.02089    0.00008   -0.00022   -0.00001   -0.00978    0.14885    0.02090   -1.26235    0.12475    0.04720    0.00170    0.02105   -0.00005   -1.26405    0.10370    0.04724 
  16.00000    0.13000   -0.01543   -1.26442    0.02121   -0.00005    0.00167    0.10880   -0.01537   -1.26609    0.00280    0.10363    0.00092    0.00010   -0.00020    0.00008    0.00269    0.10382    0.00084   -1.26442    0.13000   -0.01543    0.00167    0.02121   -0.00005   -1.26609    0.10880   -0.01537 
  17.00000    0.14197   -0.01504   -1.26996    0.02098    0.00013    0.00168    0.12099   -0.01516   -1.27164    0.01048    0.10368    0.00067    0.00015   -0.00021    0.00009    0.01033    0.10389    0.00058   -1.26996    0.14197   -0.01504    0.00168    0.02098    0.00013   -1.27164    0.12099   -0.01516 
  18.00000    0.31412   -0.11835   -1.18492    0.02186   -0.00040    0.00192    0.29226   -0.11796   -1.18683    0.03882    0.12645    0.08146   -0.00013   -0.00011    0.00070    0.03894    0.12656    0.08076   -1.18492    0.31412   -0.11835    0.00192    0.02186   -0.00040   -1.18683    0.29226   -0.11796 
  19.00000    0.12969   -0.04737   -1.32505    0.02157   -0.00025    0.00178    0.10811   -0.04712   -1.32683    0.04900    0.16126   -0.00069   -0.00011   -0.00020    0.00051    0.04911    0.16145   -0.00121   -1.32505    0.12969   -0.04737    0.00178    0.02157   -0.00025   -1.32683    0.10811   -0.04712 
  20.00000    0.12113   -0.05150   -1.23938    0.02102    0.00003    0.00177    0.10011   -0.05153   -1.24115   -0.00680    0.08415   -0.00703   -0.00008   -0.00025    0.00015   -0.00672    0.08441   -0.00718   -1.23938    0.12113   -0.05150    0.00177    0.02102    0.00003   -1.24115    0.10011   -0.05153 
  21.00000    0.13114   -0.01695   -1.23001    0.02100    0.00002    0.00180    0.11014   -0.01697   -1.23181   -0.02341    0.07671    0.00208   -0.00005   -0.00027    0.00004   -0.02336    0.07698    0.00205   -1.23001    0.13114   -0.01695    0.00180    0.02100    0.00002   -1.23181    0.11014   -0.01697 
  22.00000    0.13582    0.01765   -1.22011    0.02083   -0.00008    0.00168    0.11499    0.01773   -1.22179   -0.01759    0.07440    0.00092   -0.00004   -0.00024   -0.00002   -0.01755    0.07464    0.00094   -1.22011    0.13582    0.01765    0.00168    0.02083   -0.00008   -1.22179    0.11499    0.01773 
  23.00000    0.10535   -0.00413   -1.24410    0.02095    0.00016    0.00162    0.08440   -0.00430   -1.24572   -0.01989    0.09986    0.00977    0.00010   -0.00019   -0.00010   -0.01999    0.10005    0.00987   -1.24410    0.10535   -0.00413    0.00162    0.02095    0.00016   -1.24572    0.08440   -0.00430 
  24.00000    0.12415   -0.01298   -1.22184    0.02101   -0.00006    0.00162    0.10314   -0.01292   -1.22346    0.01327    0.08105    0.00076    0.00005   -0.00020   -0.00001    0.01322    0.08125    0.00077   -1.22184    0.12415   -0.01298    0.00162    0.02101   -0.00006   -1.22346    0.10314   -0.01292 
  25.00000    0.12250    0.01317   -1.28348    0.02086   -0.00003    0.00158    0.10164    0.01320   -1.28506   -0.00659    0.13457    0.00655    0.00002   -0.00018    0.00004   -0.00661    0.13475    0.00651   -1.28348    0.12250    0.01317    0.00158    0.02086   -0.00003   -1.28506    0.10164    0.01320 


Average over last full revolution: 

  25.00000    0.12250    0.01317   -1.28348    0.02086   -0.00003    0.00158    0.10164    0.01320   -1.28506   -0.00659    0.13457    0.00655    0.00002   -0.00018    0.00004   -0.00661    0.13475    0.00651   -1.28348    0.12250    0.01317    0.00158    0.02086   -0.00003   -1.28506    0.10164    0.01320 



Average loading for wing surface: 1 --> VSP Surface: 1 ... NOTE: values are per area! 

  Station     S       Chord     Area      V/Vref        Cx            Cy            Cz           Cxo           Cyo           Czo          Cxi            Cyi           Czi           Cl            Cd            Cs            Clo           Cdo           Cso           Cli           Cdi           Csi           Cmx           Cmy           Cmz          Cmxo          Cmyo          Cmzo          Cmxi          Cmyi          Cmzi 
        1   0.06063   0.31995   0.01495   1.03741  3.411734e-02 -1.240184e-04 -9.492443e-01  1.373585e-02 -1.337134e-04  6.958548e-04  2.038149e-02  9.695001e-06 -9.499402e-01 -9.492443e-01  3.411734e-02  1.374554e-02  6.958548e-04  1.373585e-02 -1.337134e-04 -9.499402e-01  2.038149e-02  9.695001e-06 -6.886942e-02 -3.420134e-03 -2.484299e-03  4.994113e-05 -1.094564e-04 -1.006847e-03 -6.891936e-02 -3.310678e-03 -1.477451e-03 
        2   0.15506   0.31995   0.01495   1.03738  3.007731e-02 -1.152752e-04 -9.491220e-01  1.373236e-02 -1.372666e-04  6.887370e-04  1.634495e-02  2.199134e-05 -9.498107e-01 -9.491220e-01  3.007731e-02  1.375435e-02  6.887370e-04  1.373236e-02 -1.372666e-04 -9.498107e-01  1.634495e-02  2.199134e-05 -2.065703e-01 -3.948486e-03 -6.553761e-03  1.493538e-04 -1.088974e-04 -2.999589e-03 -2.067196e-01 -3.839588e-03 -3.554172e-03 
        3   0.22265   0.31995   0.01495   1.03532  3.157831e-02 -2.975438e-04 -9.514681e-01  1.374647e-02 -2.951097e-04  6.921984e-04  1.783185e-02 -2.434058e-06 -9.521603e-01 -9.514681e-01  3.157831e-02  1.374403e-02  6.921984e-04  1.374647e-02 -2.951097e-04 -9.521603e-01  1.783185e-02 -2.434058e-06 -3.451801e-01 -6.854319e-03 -1.148190e-02  2.499073e-04 -1.092200e-04 -5.009509e-03 -3.454300e-01 -6.745098e-03 -6.472394e-03 
        4   0.29025   0.31995   0.01495   1.03526  2.801348e-02 -3.298554e-04 -9.515172e-01  1.374468e-02 -2.986277e-04  6.918416e-04  1.426880e-02 -3.122766e-05 -9.522091e-01 -9.515172e-01  2.801348e-02  1.371345e-02  6.918416e-04  1.374468e-02 -2.986277e-04 -9.522091e-01  1.426880e-02 -3.122766e-05 -4.832768e-01 -8.192603e-03 -1.425737e-02  3.501576e-04 -1.091854e-04 -7.003640e-03 -4.836270e-01 -8.083418e-03 -7.253735e-03 
        5   0.35784   0.31995   0.01495   1.03092  2.892075e-02 -2.633431e-04 -9.502447e-01  1.371088e-02 -2.784129e-04  6.935849e-04  1.520987e-02  1.506983e-05 -9.509383e-01 -9.502447e-01  2.892075e-02  1.372596e-02  6.935849e-04  1.371088e-02 -2.784129e-04 -9.509383e-01  1.520987e-02  1.506983e-05 -6.205380e-01 -9.018431e-03 -1.890012e-02  4.517729e-04 -1.091806e-04 -8.974537e-03 -6.209898e-01 -8.909251e-03 -9.925585e-03 
        6   0.42544   0.31995   0.01495   1.03051  2.918175e-02 -1.182413e-04 -9.433289e-01  1.363234e-02 -2.732325e-04  6.891140e-04  1.554941e-02  1.549912e-04 -9.440180e-01 -9.433289e-01  2.918175e-02  1.378733e-02  6.891140e-04  1.363234e-02 -2.732325e-04 -9.440180e-01  1.554941e-02  1.549912e-04 -7.529065e-01 -8.967900e-03 -2.326663e-02  5.488730e-04 -1.085170e-04 -1.090106e-02 -7.534554e-01 -8.859382e-03 -1.236557e-02 
        7   0.49303   0.31995   0.01495   1.02624  2.767694e-02  6.542287e-05 -9.293241e-01  1.345715e-02 -2.169675e-04  6.818405e-04  1.421979e-02  2.823904e-04 -9.300060e-01 -9.293241e-01  2.767694e-02  1.373954e-02  6.818405e-04  1.345715e-02 -2.169675e-04 -9.300060e-01  1.421979e-02  2.823904e-04 -8.765649e-01 -7.635360e-03 -2.603321e-02  6.422410e-04 -1.072436e-04 -1.270972e-02 -8.772072e-01 -7.528116e-03 -1.332348e-02 
        8   0.56063   0.31995   0.01495   1.02610  3.180679e-02  2.216396e-04 -9.100338e-01  1.324867e-02 -2.104397e-04  6.712865e-04  1.855812e-02  4.320793e-04 -9.107050e-01 -9.100338e-01  3.180679e-02  1.368075e-02  6.712865e-04  1.324867e-02 -2.104397e-04 -9.107050e-01  1.855812e-02  4.320793e-04 -9.904464e-01 -7.388452e-03 -3.449026e-02  7.297243e-04 -1.055828e-04 -1.443511e-02 -9.911762e-01 -7.282869e-03 -2.005514e-02 
        9   0.62823   0.31995   0.01495   1.02296  2.943578e-02  2.652700e-04 -8.818002e-01  1.292961e-02 -1.935974e-04  6.563519e-04  1.650617e-02  4.588674e-04 -8.824566e-01 -8.818002e-01  2.943578e-02  1.338848e-02  6.563519e-04  1.292961e-02 -1.935974e-04 -8.824566e-01  1.650617e-02  4.588674e-04 -1.087655e+00 -4.142788e-03 -3.617306e-02  8.087835e-04 -1.031344e-04 -1.596281e-02 -1.088464e+00 -4.039654e-03 -2.021025e-02 
       10   0.69582   0.31995   0.01495   1.02243  3.638748e-02  2.687888e-04 -8.524909e-01  1.262693e-02 -1.827568e-04  6.417345e-04  2.376055e-02  4.515456e-04 -8.531326e-01 -8.524909e-01  3.638748e-02  1.307848e-02  6.417345e-04  1.262693e-02 -1.827568e-04 -8.531326e-01  2.376055e-02  4.515456e-04 -1.175265e+00 -6.882382e-04 -5.005743e-02  8.839212e-04 -1.007773e-04 -1.742096e-02 -1.176149e+00 -5.874610e-04 -3.263647e-02 
       11   0.76342   0.31995   0.01495   1.02040  3.238327e-02  3.029314e-04 -8.105277e-01  1.219317e-02 -2.180908e-04  6.244913e-04  2.019011e-02  5.210221e-04 -8.111523e-01 -8.105277e-01  3.238327e-02  1.271419e-02  6.244913e-04  1.219317e-02 -2.180908e-04 -8.111523e-01  2.019011e-02  5.210221e-04 -1.234996e+00  6.293301e-03 -4.918154e-02  9.506266e-04 -9.768279e-05 -1.859506e-02 -1.235946e+00  6.390984e-03 -3.058648e-02 
       12   0.83101   0.31995   0.01495   1.01978  4.116285e-02  2.119312e-04 -7.612545e-01  1.172821e-02 -2.137161e-04  6.009568e-04  2.943464e-02  4.256473e-04 -7.618555e-01 -7.612545e-01  4.116285e-02  1.215385e-02  6.009568e-04  1.172821e-02 -2.137161e-04 -7.618555e-01  2.943464e-02  4.256473e-04 -1.270432e+00  8.398226e-03 -6.844081e-02  1.001991e-03 -9.397923e-05 -1.958818e-02 -1.271434e+00  8.492206e-03 -4.885263e-02 
       13   0.89861   0.31995   0.01495   1.01986  3.879121e-02  2.937852e-03 -6.957102e-01  1.115232e-02 -2.828138e-04  5.863339e-04  2.763888e-02  3.220666e-03 -6.962966e-01 -6.957102e-01  3.879121e-02  1.437299e-02  5.863339e-04  1.115232e-02 -2.828138e-04 -6.962966e-01  2.763888e-02  3.220666e-03 -1.261847e+00  1.357139e-02 -6.930269e-02  1.062390e-03 -9.050376e-05 -2.025077e-02 -1.262909e+00  1.366190e-02 -4.905192e-02 
       14   0.96620   0.31995   0.01495   1.02580  3.657507e-02  2.953551e-03 -6.246880e-01  1.065072e-02 -9.669804e-05  5.995807e-04  2.592435e-02  3.050249e-03 -6.252876e-01 -6.246880e-01  3.657507e-02  1.370097e-02  5.995807e-04  1.065072e-02 -9.669804e-05 -6.252876e-01  2.592435e-02  3.050249e-03 -1.223518e+00  3.217910e-02 -7.074988e-02  1.174186e-03 -8.946504e-05 -2.087221e-02 -1.224692e+00  3.226857e-02 -4.987766e-02 



Average loading for wing surface: 2 --> VSP Surface: 2 ... NOTE: values are per area! 

  Station     S       Chord     Area      V/Vref        Cx            Cy            Cz           Cxo           Cyo           Czo          Cxi            Cyi           Czi           Cl            Cd            Cs            Clo           Cdo           Cso           Cli           Cdi           Csi           Cmx           Cmy           Cmz          Cmxo          Cmyo          Cmzo          Cmxi          Cmyi          Cmzi 
        1   0.06063   0.31995   0.01495   1.03723  3.463706e-02  1.275807e-04 -9.499990e-01  1.374307e-02  1.435614e-04  7.056432e-04  2.089399e-02 -1.598071e-05 -9.507046e-01 -9.499990e-01  3.463706e-02  1.372709e-02  7.056432e-04  1.374307e-02  1.435614e-04 -9.507046e-01  2.089399e-02 -1.598071e-05  6.892262e-02 -3.460832e-03  2.520627e-03 -5.061104e-05 -1.102350e-04  1.008125e-03  6.897323e-02 -3.350597e-03  1.512502e-03 
        2   0.15506   0.31995   0.01495   1.03712  3.066172e-02  1.071575e-04 -9.507966e-01  1.374938e-02  1.453977e-04  6.993497e-04  1.691234e-02 -3.824022e-05 -9.514959e-01 -9.507966e-01  3.066172e-02  1.371114e-02  6.993497e-04  1.374938e-02  1.453977e-04 -9.514959e-01  1.691234e-02 -3.824022e-05  2.069343e-01 -3.857964e-03  6.676368e-03 -1.516306e-04 -1.097792e-04  3.003916e-03  2.070859e-01 -3.748185e-03  3.672452e-03 
        3   0.22265   0.31995   0.01495   1.03485  3.220334e-02  2.807830e-04 -9.535058e-01  1.376661e-02  3.014327e-04  7.041209e-04  1.843674e-02 -2.064964e-05 -9.542100e-01 -9.535058e-01  3.220334e-02  1.374596e-02  7.041209e-04  1.376661e-02  3.014327e-04 -9.542100e-01  1.843674e-02 -2.064964e-05  3.459198e-01 -6.742791e-03  1.170050e-02 -2.542067e-04 -1.102148e-04  5.017300e-03  3.461740e-01 -6.632576e-03  6.683199e-03 
        4   0.29025   0.31995   0.01495   1.03476  2.872359e-02  3.204619e-04 -9.537638e-01  1.376701e-02  3.048561e-04  7.047440e-04  1.495657e-02  1.560575e-05 -9.544685e-01 -9.537638e-01  2.872359e-02  1.378262e-02  7.047440e-04  1.376701e-02  3.048561e-04 -9.544685e-01  1.495657e-02  1.560575e-05  4.844188e-01 -8.071449e-03  1.461270e-02 -3.566851e-04 -1.102642e-04  7.015461e-03  4.847755e-01 -7.961184e-03  7.597236e-03 
        5   0.35784   0.31995   0.01495   1.03022  2.959654e-02  2.805056e-04 -9.521875e-01  1.372909e-02  2.837708e-04  7.078690e-04  1.586746e-02 -3.265175e-06 -9.528954e-01 -9.521875e-01  2.959654e-02  1.372582e-02  7.078690e-04  1.372909e-02  2.837708e-04 -9.528954e-01  1.586746e-02 -3.265175e-06  6.218072e-01 -9.047180e-03  1.934736e-02 -4.610785e-04 -1.103482e-04  8.986835e-03  6.222683e-01 -8.936832e-03  1.036052e-02 
        6   0.42544   0.31995   0.01495   1.02977  2.995209e-02  1.815098e-04 -9.451107e-01  1.364834e-02  2.785851e-04  7.044039e-04  1.630375e-02 -9.707530e-05 -9.458151e-01 -9.451107e-01  2.995209e-02  1.355126e-02  7.044039e-04  1.364834e-02  2.785851e-04 -9.458151e-01  1.630375e-02 -9.707530e-05  7.543298e-01 -9.033535e-03  2.390628e-02 -5.610541e-04 -1.097526e-04  1.091424e-02  7.548909e-01 -8.923782e-03  1.299204e-02 
        7   0.49303   0.31995   0.01495   1.02513  2.842149e-02  4.135432e-05 -9.308273e-01  1.346810e-02  2.216220e-04  6.970233e-04  1.495339e-02 -1.802677e-04 -9.315243e-01 -9.308273e-01  2.842149e-02  1.328783e-02  6.970233e-04  1.346810e-02  2.216220e-04 -9.315243e-01  1.495339e-02 -1.802677e-04  8.779835e-01 -7.701178e-03  2.677794e-02 -6.565427e-04 -1.084503e-04  1.272040e-02  8.786400e-01 -7.592728e-03  1.405753e-02 
        8   0.56063   0.31995   0.01495   1.02492  3.262027e-02 -5.070302e-05 -9.110647e-01  1.325334e-02  2.147992e-04  6.872488e-04  1.936693e-02 -2.655022e-04 -9.117520e-01 -9.110647e-01  3.262027e-02  1.298784e-02  6.872488e-04  1.325334e-02  2.147992e-04 -9.117520e-01  1.936693e-02 -2.655022e-04  9.915698e-01 -7.524505e-03  3.544427e-02 -7.470788e-04 -1.068235e-04  1.444053e-02  9.923169e-01 -7.417682e-03  2.100374e-02 
        9   0.62823   0.31995   0.01495   1.02139  3.009446e-02 -3.869302e-05 -8.821897e-01  1.292441e-02  1.949388e-04  6.721812e-04  1.717005e-02 -2.336318e-04 -8.828618e-01 -8.821897e-01  3.009446e-02  1.269078e-02  6.721812e-04  1.292441e-02  1.949388e-04 -8.828618e-01  1.717005e-02 -2.336318e-04  1.088142e+00 -4.328332e-03  3.708038e-02 -8.283026e-04 -1.043245e-04  1.595651e-02  1.088970e+00 -4.224008e-03  2.112388e-02 
       10   0.69582   0.31995   0.01495   1.02048  3.687947e-02  5.261572e-05 -8.511549e-01  1.260071e-02  1.841358e-04  6.549472e-04  2.427876e-02 -1.315201e-04 -8.518098e-01 -8.511549e-01  3.687947e-02  1.246919e-02  6.549472e-04  1.260071e-02  1.841358e-04 -8.518098e-01  2.427876e-02 -1.315201e-04  1.173402e+00 -1.482397e-03  5.087020e-02 -9.021300e-04 -1.016811e-04  1.738491e-02  1.174304e+00 -1.380716e-03  3.348529e-02 
       11   0.76342   0.31995   0.01495   1.01842  3.270753e-02  4.475316e-05 -8.083963e-01  1.215829e-02  2.117615e-04  6.346298e-04  2.054924e-02 -1.670084e-04 -8.090310e-01 -8.083963e-01  3.270753e-02  1.199128e-02  6.346298e-04  1.215829e-02  2.117615e-04 -8.090310e-01  2.054924e-02 -1.670084e-04  1.231756e+00  5.441523e-03  4.982898e-02 -9.661002e-04 -9.831594e-05  1.854143e-02  1.232722e+00  5.539839e-03  3.128755e-02 
       12   0.83101   0.31995   0.01495   1.01833  4.117177e-02 -4.749250e-05 -7.585937e-01  1.169216e-02  2.033809e-04  6.076577e-04  2.947961e-02 -2.508734e-04 -7.592014e-01 -7.585937e-01  4.117177e-02  1.144129e-02  6.076577e-04  1.169216e-02  2.033809e-04 -7.592014e-01  2.947961e-02 -2.508734e-04  1.265986e+00  7.684680e-03  6.851570e-02 -1.013216e-03 -9.434454e-05  1.952723e-02  1.267000e+00  7.779025e-03  4.898847e-02 
       13   0.89861   0.31995   0.01495   1.01933  3.863004e-02 -3.015073e-03 -6.931266e-01  1.112619e-02  2.600735e-04  5.896911e-04  2.750384e-02 -3.275147e-03 -6.937163e-01 -6.931266e-01  3.863004e-02  7.851048e-03  5.896911e-04  1.112619e-02  2.600735e-04 -6.937163e-01  2.750384e-02 -3.275147e-03  1.257122e+00  1.325291e-02  6.897317e-02 -1.068573e-03 -9.065378e-05  2.020164e-02  1.258190e+00  1.334356e-02  4.877153e-02 
       14   0.96620   0.31995   0.01495   1.02997  3.534845e-02 -3.061612e-03 -6.188627e-01  1.065129e-02  6.673304e-05  5.967552e-04  2.469716e-02 -3.128345e-03 -6.194595e-01 -6.188627e-01  3.534845e-02  7.522943e-03  5.967552e-04  1.065129e-02  6.673304e-05 -6.194595e-01  2.469716e-02 -3.128345e-03  1.212156e+00  3.052337e-02  6.832511e-02 -1.168773e-03 -8.925114e-05  2.087103e-02  1.213324e+00  3.061262e-02  4.745407e-02 



Average loading for wing surface: 3 --> VSP Surface: 3 ... NOTE: values are per area! 

  Station     S       Chord     Area      V/Vref        Cx            Cy            Cz           Cxo           Cyo           Czo          Cxi            Cyi           Czi           Cl            Cd            Cs            Clo           Cdo           Cso           Cli           Cdi           Csi           Cmx           Cmy           Cmz          Cmxo          Cmyo          Cmzo          Cmxi          Cmyi          Cmzi 
        1   0.03092   0.12926   0.00606   0.96767  1.914174e-01 -1.333107e-04 -8.105206e-01  1.311006e-02 -1.241089e-04  2.849100e-03  1.783073e-01 -9.201775e-06 -8.133697e-01 -8.105206e-01  1.914174e-01  1.310086e-02  2.849100e-03  1.311006e-02 -1.241089e-04 -8.133697e-01  1.783073e-01 -9.201775e-06 -1.455420e-01  1.487096e+00 -3.461915e-02  5.410009e-04 -1.942074e-03 -2.574000e-03 -1.460830e-01  1.489038e+00 -3.204514e-02 
        2   0.09793   0.12926   0.00606   0.96740  1.885087e-01 -1.194936e-04 -8.077103e-01  1.307281e-02 -1.535302e-04  2.834438e-03  1.754359e-01  3.403656e-05 -8.105447e-01 -8.077103e-01  1.885087e-01  1.310685e-02  2.834438e-03  1.307281e-02 -1.535302e-04 -8.105447e-01  1.754359e-01  3.403656e-05 -4.351965e-01  1.481217e+00 -1.017762e-01  1.563440e-03 -1.924944e-03 -7.315063e-03 -4.367600e-01  1.483142e+00 -9.446110e-02 
        3   0.17009   0.12926   0.00606   0.97185  1.810939e-01 -3.387200e-04 -7.888941e-01  1.288828e-02 -3.539922e-04  2.795658e-03  1.682056e-01  1.527222e-05 -7.916897e-01 -7.888941e-01  1.810939e-01  1.290355e-02  2.795658e-03  1.288828e-02 -3.539922e-04 -7.916897e-01  1.682056e-01  1.527222e-05 -7.082832e-01  1.440976e+00 -1.631910e-01  2.594074e-03 -1.899948e-03 -1.219953e-02 -7.108773e-01  1.442876e+00 -1.509915e-01 
        4   0.24226   0.12926   0.00606   0.97190  1.933058e-01 -3.681057e-04 -8.160927e-01  1.320101e-02 -3.355143e-04  2.858100e-03  1.801048e-01 -3.259141e-05 -8.189507e-01 -8.160927e-01  1.933058e-01  1.316842e-02  2.858100e-03  1.320101e-02 -3.355143e-04 -8.189507e-01  1.801048e-01 -3.259141e-05 -1.025956e+00  1.501006e+00 -2.437114e-01  3.672410e-03 -1.936513e-03 -1.718947e-02 -1.029629e+00  1.502943e+00 -2.265219e-01 
        5   0.31442   0.12926   0.00606   0.97650  1.884446e-01 -2.557138e-04 -8.026195e-01  1.308231e-02 -2.960652e-04  2.834142e-03  1.753623e-01  4.035140e-05 -8.054536e-01 -8.026195e-01  1.884446e-01  1.312266e-02  2.834142e-03  1.308231e-02 -2.960652e-04 -8.054536e-01  1.753623e-01  4.035140e-05 -1.297262e+00  1.473346e+00 -3.050435e-01  4.650994e-03 -1.922179e-03 -2.166964e-02 -1.301913e+00  1.475268e+00 -2.833738e-01 
        6   0.38659   0.12926   0.00606   0.97643  1.861819e-01 -1.019153e-04 -7.959914e-01  1.301018e-02 -2.225921e-04  2.817562e-03  1.731717e-01  1.206768e-04 -7.988090e-01 -7.959914e-01  1.861819e-01  1.313085e-02  2.817562e-03  1.301018e-02 -2.225921e-04 -7.988090e-01  1.731717e-01  1.206768e-04 -1.572500e+00  1.461849e+00 -3.679686e-01  5.618909e-03 -1.909895e-03 -2.609636e-02 -1.578119e+00  1.463759e+00 -3.418723e-01 
        7   0.45876   0.12926   0.00606   0.97940  1.832768e-01  1.642670e-04 -7.893624e-01  1.295972e-02 -5.095841e-05  2.812463e-03  1.703171e-01  2.152254e-04 -7.921749e-01 -7.893624e-01  1.832768e-01  1.317494e-02  2.812463e-03  1.295972e-02 -5.095841e-05 -7.921749e-01  1.703171e-01  2.152254e-04 -1.843001e+00  1.450430e+00 -4.275747e-01  6.578542e-03 -1.912794e-03 -3.034831e-02 -1.849580e+00  1.452343e+00 -3.972264e-01 
        8   0.53092   0.12926   0.00606   0.98010  1.844931e-01  3.761172e-04 -7.799566e-01  1.287303e-02  3.978268e-05  2.796347e-03  1.716201e-01  3.363345e-04 -7.827529e-01 -7.799566e-01  1.844931e-01  1.320936e-02  2.796347e-03  1.287303e-02  3.978268e-05 -7.827529e-01  1.716201e-01  3.363345e-04 -2.101226e+00  1.435174e+00 -4.963102e-01  7.523930e-03 -1.904767e-03 -3.460943e-02 -2.108750e+00  1.437078e+00 -4.617008e-01 
        9   0.60309   0.12926   0.00606   0.98286  1.810130e-01  5.159892e-04 -7.741749e-01  1.282850e-02  1.763270e-04  2.792721e-03  1.681845e-01  3.396622e-04 -7.769676e-01 -7.741749e-01  1.810130e-01  1.316816e-02  2.792721e-03  1.282850e-02  1.763270e-04 -7.769676e-01  1.681845e-01  3.396622e-04 -2.363813e+00  1.426981e+00 -5.517191e-01  8.485063e-03 -1.908871e-03 -3.885602e-02 -2.372298e+00  1.428890e+00 -5.128631e-01 
       10   0.67525   0.12926   0.00606   0.98238  1.857673e-01  4.219769e-04 -7.666582e-01  1.276526e-02  2.381186e-04  2.751987e-03  1.730021e-01  1.838583e-04 -7.694102e-01 -7.666582e-01  1.857673e-01  1.294912e-02  2.751987e-03  1.276526e-02  2.381186e-04 -7.694102e-01  1.730021e-01  1.838583e-04 -2.616408e+00  1.416096e+00 -6.332051e-01  9.334612e-03 -1.851778e-03 -4.313893e-02 -2.625743e+00  1.417948e+00 -5.900662e-01 
       11   0.74742   0.12926   0.00606   0.98769  1.926612e-01  3.452330e-04 -7.793743e-01  1.293955e-02  4.729684e-04  2.803342e-03  1.797217e-01 -1.277354e-04 -7.821777e-01 -7.793743e-01  1.926612e-01  1.281181e-02  2.803342e-03  1.293955e-02  4.729684e-04 -7.821777e-01  1.797217e-01 -1.277354e-04 -2.939103e+00  1.443684e+00 -7.258880e-01  1.046136e-02 -1.901429e-03 -4.796629e-02 -2.949564e+00  1.445585e+00 -6.779217e-01 
       12   0.81959   0.12926   0.00606   0.99442  1.955429e-01  4.829835e-04 -7.748035e-01  1.294116e-02  6.738375e-04  2.844720e-03  1.826018e-01 -1.908540e-04 -7.776482e-01 -7.748035e-01  1.955429e-01  1.275031e-02  2.844720e-03  1.294116e-02  6.738375e-04 -7.776482e-01  1.826018e-01 -1.908540e-04 -3.201147e+00  1.442924e+00 -8.070346e-01  1.159181e-02 -1.974210e-03 -5.226566e-02 -3.212738e+00  1.444898e+00 -7.547689e-01 
       13   0.89175   0.12926   0.00606   0.99463  1.996157e-01  8.328767e-03 -7.678733e-01  1.286850e-02  1.058905e-03  2.786065e-03  1.867472e-01  7.269862e-03 -7.706594e-01 -7.678733e-01  1.996157e-01  2.013836e-02  2.786065e-03  1.286850e-02  1.058905e-03 -7.706594e-01  1.867472e-01  7.269862e-03 -3.448294e+00  1.427182e+00 -8.808342e-01  1.225934e-02 -1.887657e-03 -5.590698e-02 -3.460553e+00  1.429069e+00 -8.249272e-01 
       14   0.96392   0.12926   0.00606   1.00706  1.037366e-01  9.952146e-03 -8.422387e-01  1.347594e-02  2.660171e-03  1.704747e-03  9.026066e-02  7.291975e-03 -8.439435e-01 -8.422387e-01  1.037366e-01  2.076792e-02  1.704747e-03  1.347594e-02  2.660171e-03 -8.439435e-01  9.026066e-02  7.291975e-03 -4.087331e+00  1.566668e+00 -4.849730e-01  7.638495e-03  1.677106e-04 -6.064366e-02 -4.094969e+00  1.566500e+00 -4.243294e-01 



Average loading for wing surface: 4 --> VSP Surface: 4 ... NOTE: values are per area! 

  Station     S       Chord     Area      V/Vref        Cx            Cy            Cz           Cxo           Cyo           Czo          Cxi            Cyi           Czi           Cl            Cd            Cs            Clo           Cdo           Cso           Cli           Cdi           Csi           Cmx           Cmy           Cmz          Cmxo          Cmyo          Cmzo          Cmxi          Cmyi          Cmzi 
        1   0.03092   0.12926   0.00606   0.96788  1.911351e-01  1.841959e-04 -8.094056e-01  1.309890e-02  1.544492e-04  2.845908e-03  1.780362e-01  2.974677e-05 -8.122514e-01 -8.094056e-01  1.911351e-01  1.312865e-02  2.845908e-03  1.309890e-02  1.544492e-04 -8.122514e-01  1.780362e-01  2.974677e-05  1.453367e-01  1.485699e+00  3.466781e-02 -5.475916e-04 -1.939065e-03  2.625642e-03  1.458843e-01  1.487639e+00  3.204217e-02 
        2   0.09793   0.12926   0.00606   0.96734  1.880763e-01  1.557731e-04 -8.043236e-01  1.303488e-02  1.720339e-04  2.828918e-03  1.750415e-01 -1.626077e-05 -8.071524e-01 -8.043236e-01  1.880763e-01  1.301862e-02  2.828918e-03  1.303488e-02  1.720339e-04 -8.071524e-01  1.750415e-01 -1.626077e-05  4.333643e-01  1.476113e+00  1.016141e-01 -1.564835e-03 -1.924140e-03  7.327345e-03  4.349292e-01  1.478037e+00  9.428676e-02 
        3   0.17009   0.12926   0.00606   0.97162  1.803396e-01  3.436457e-04 -7.842430e-01  1.283621e-02  3.696771e-04  2.788576e-03  1.675034e-01 -2.603141e-05 -7.870315e-01 -7.842430e-01  1.803396e-01  1.281018e-02  2.788576e-03  1.283621e-02  3.696771e-04 -7.870315e-01  1.675034e-01 -2.603141e-05  7.040984e-01  1.433880e+00  1.625177e-01 -2.591418e-03 -1.899720e-03  1.218051e-02  7.066898e-01  1.435779e+00  1.503372e-01 
        4   0.24226   0.12926   0.00606   0.97165  1.926204e-01  3.679683e-04 -8.101874e-01  1.313402e-02  3.467875e-04  2.848515e-03  1.794864e-01  2.118080e-05 -8.130359e-01 -8.101874e-01  1.926204e-01  1.315520e-02  2.848515e-03  1.313402e-02  3.467875e-04 -8.130359e-01  1.794864e-01  2.118080e-05  1.018534e+00  1.491877e+00  2.428488e-01 -3.663021e-03 -1.935383e-03  1.712519e-02  1.022197e+00  1.493812e+00  2.257236e-01 
        5   0.31442   0.12926   0.00606   0.97592  1.870659e-01  2.520356e-04 -7.954307e-01  1.300029e-02  3.082461e-04  2.818613e-03  1.740656e-01 -5.621046e-05 -7.982493e-01 -7.954307e-01  1.870659e-01  1.294408e-02  2.818613e-03  1.300029e-02  3.082461e-04 -7.982493e-01  1.740656e-01 -5.621046e-05  1.285642e+00  1.461784e+00  3.028052e-01 -4.628769e-03 -1.914088e-03  2.155860e-02  1.290271e+00  1.463698e+00  2.812466e-01 
        6   0.38659   0.12926   0.00606   0.97585  1.848374e-01  6.074896e-05 -7.873001e-01  1.291321e-02  2.330906e-04  2.800963e-03  1.719242e-01 -1.723417e-04 -7.901010e-01 -7.873001e-01  1.848374e-01  1.274087e-02  2.800963e-03  1.291321e-02  2.330906e-04 -7.901010e-01  1.719242e-01 -1.723417e-04  1.555331e+00  1.447881e+00  3.652303e-01 -5.588594e-03 -1.903440e-03  2.592337e-02  1.560920e+00  1.449785e+00  3.393070e-01 
        7   0.45876   0.12926   0.00606   0.97806  1.810037e-01 -2.086383e-04 -7.779002e-01  1.282962e-02  7.495555e-05  2.782242e-03  1.681740e-01 -2.835939e-04 -7.806824e-01 -7.779002e-01  1.810037e-01  1.254603e-02  2.782242e-03  1.282962e-02  7.495555e-05 -7.806824e-01  1.681740e-01 -2.835939e-04  1.816243e+00  1.431875e+00  4.221690e-01 -6.513647e-03 -1.890076e-03  3.008700e-02  1.822756e+00  1.433765e+00  3.920820e-01 
        8   0.53092   0.12926   0.00606   0.97850  1.815552e-01 -4.775012e-04 -7.658327e-01  1.271467e-02 -2.613346e-05  2.759421e-03  1.688405e-01 -4.513678e-04 -7.685922e-01 -7.658327e-01  1.815552e-01  1.226330e-02  2.759421e-03  1.271467e-02 -2.613346e-05 -7.685922e-01  1.688405e-01 -4.513678e-04  2.063187e+00  1.411597e+00  4.881876e-01 -7.427675e-03 -1.876868e-03  3.420695e-02  2.070615e+00  1.413474e+00  4.539807e-01 
        9   0.60309   0.12926   0.00606   0.97936  1.766213e-01 -5.666292e-04 -7.570454e-01  1.262739e-02 -1.679708e-04  2.727372e-03  1.639939e-01 -3.986584e-04 -7.597728e-01 -7.570454e-01  1.766213e-01  1.222873e-02  2.727372e-03  1.262739e-02 -1.679708e-04 -7.597728e-01  1.639939e-01 -3.986584e-04  2.311534e+00  1.398289e+00  5.382143e-01 -8.287512e-03 -1.840809e-03  3.825677e-02  2.319822e+00  1.400130e+00  4.999575e-01 
       10   0.67525   0.12926   0.00606   0.97967  1.836590e-01 -5.053833e-04 -7.467969e-01  1.254238e-02 -2.742325e-04  2.717953e-03  1.711166e-01 -2.311508e-04 -7.495149e-01 -7.467969e-01  1.836590e-01  1.231123e-02  2.717953e-03  1.254238e-02 -2.742325e-04 -7.495149e-01  1.711166e-01 -2.311508e-04  2.548430e+00  1.382964e+00  6.258067e-01 -9.209947e-03 -1.844227e-03  4.231453e-02  2.557640e+00  1.384809e+00  5.834922e-01 
       11   0.74742   0.12926   0.00606   0.98117  1.818971e-01 -7.401367e-04 -7.401170e-01  1.248915e-02 -4.416932e-04  2.679372e-03  1.694079e-01 -2.984434e-04 -7.427964e-01 -7.401170e-01  1.818971e-01  1.219071e-02  2.679372e-03  1.248915e-02 -4.416932e-04 -7.427964e-01  1.694079e-01 -2.984434e-04  2.791343e+00  1.373228e+00  6.845624e-01 -1.000118e-02 -1.788578e-03  4.632290e-02  2.801345e+00  1.375017e+00  6.382395e-01 
       12   0.81959   0.12926   0.00606   0.99107  1.779692e-01 -1.234480e-03 -7.313759e-01  1.248782e-02 -7.036517e-04  2.631215e-03  1.654813e-01 -5.308279e-04 -7.340071e-01 -7.313759e-01  1.779692e-01  1.195699e-02  2.631215e-03  1.248782e-02 -7.036517e-04 -7.340071e-01  1.654813e-01 -5.308279e-04  3.022668e+00  1.358919e+00  7.333554e-01 -1.070283e-02 -1.703745e-03  5.034028e-02  3.033371e+00  1.360623e+00  6.830151e-01 
       13   0.89175   0.12926   0.00606   0.99849  1.985726e-01 -2.240990e-02 -8.070539e-01  1.329825e-02 -1.355796e-03  2.659999e-03  1.852743e-01 -2.105410e-02 -8.097140e-01 -8.070539e-01  1.985726e-01 -7.755856e-03  2.659999e-03  1.329825e-02 -1.355796e-03 -8.097140e-01  1.852743e-01 -2.105410e-02  3.636800e+00  1.501522e+00  8.481316e-01 -1.162321e-02 -1.563280e-03  5.731160e-02  3.648423e+00  1.503086e+00  7.908200e-01 
       14   0.96392   0.12926   0.00606   1.03196  2.446528e-01 -2.482406e-02 -1.069055e+00  1.607974e-02 -4.117536e-03  3.366012e-03  2.285731e-01 -2.070653e-02 -1.072421e+00 -1.069055e+00  2.446528e-01 -4.626783e-03  3.366012e-03  1.607974e-02 -4.117536e-03 -1.072421e+00  2.285731e-01 -2.070653e-02  5.182470e+00  1.968452e+00  1.133357e+00 -1.535015e-02 -2.154848e-03  7.069310e-02  5.197820e+00  1.970607e+00  1.062664e+00 



Average loading for wing surface: 5 --> VSP Surface: 5 ... NOTE: values are per area! 

  Station     S       Chord     Area      V/Vref        Cx            Cy            Cz           Cxo           Cyo           Czo          Cxi            Cyi           Czi           Cl            Cd            Cs            Clo           Cdo           Cso           Cli           Cdi           Csi           Cmx           Cmy           Cmz          Cmxo          Cmyo          Cmzo          Cmxi          Cmyi          Cmzi 
        1   0.24304   0.45000   0.01350   1.09202  8.528701e-03 -1.879937e-01  1.883869e-01  9.014309e-03 -1.212245e-06 -3.694221e-04 -4.856086e-04 -1.879925e-01  1.887564e-01  1.883869e-01  8.528701e-03 -1.789782e-01 -3.694221e-04  9.014309e-03 -1.212245e-06  1.887564e-01 -4.856086e-04 -1.879925e-01  2.575589e-01 -2.245486e-02 -3.798506e-02 -5.337062e-04 -6.439352e-04 -1.302091e-02  2.580927e-01 -2.181092e-02 -2.496415e-02 
        2   0.55031   0.45000   0.01350   1.05399  2.525785e-01 -2.926704e-01 -7.418327e-01  8.711774e-03 -2.375455e-04 -9.002681e-04  2.438667e-01 -2.924328e-01 -7.409324e-01 -7.418327e-01  2.525785e-01 -2.837211e-01 -9.002681e-04  8.711774e-03 -2.375455e-04 -7.409324e-01  2.438667e-01 -2.924328e-01 -1.073247e+00  3.145830e-01 -4.673901e-01 -1.303458e-03  6.660917e-05 -1.263096e-02 -1.071944e+00  3.145164e-01 -4.547591e-01 
        3   0.67879   0.45000   0.01350   0.95001 -4.382325e-02 -1.081853e-01 -9.522766e-01  6.907874e-03 -8.136705e-05 -4.798410e-04 -5.073112e-02 -1.081039e-01 -9.517968e-01 -9.522766e-01 -4.382325e-02 -1.011960e-01 -4.798410e-04  6.907874e-03 -8.136705e-05 -9.517968e-01 -5.073112e-02 -1.081039e-01 -1.371377e+00  3.446542e-01 -7.248905e-02 -6.887310e-04  4.667548e-04 -9.994239e-03 -1.370688e+00  3.441874e-01 -6.249481e-02 
        4   0.80728   0.45000   0.01350   0.95870  8.608447e-03  1.578968e-01 -1.647173e-02  7.114637e-03 -1.198874e-05 -4.495190e-04  1.493810e-03  1.579088e-01 -1.602221e-02 -1.647173e-02  8.608447e-03  1.650234e-01 -4.495190e-04  7.114637e-03 -1.198874e-05 -1.602221e-02  1.493810e-03  1.579088e-01 -4.383529e-02  5.705914e-03 -1.364864e-02 -6.478617e-04  9.461390e-04 -1.027908e-02 -4.318742e-02  4.759776e-03 -3.369557e-03 
        5   0.93576   0.45000   0.01350   0.95797  7.362818e-03  1.398964e-01  5.846863e-03  7.078787e-03 -2.150432e-05 -2.389792e-04  2.840311e-04  1.399179e-01  6.085842e-03  5.846863e-03  7.362818e-03  1.469967e-01 -2.389792e-04  7.078787e-03 -2.150432e-05  6.085842e-03  2.840311e-04  1.399179e-01 -1.749386e-02 -1.390501e-03  1.033895e-02 -3.411693e-04  1.371828e-03 -1.022920e-02 -1.715270e-02 -2.762328e-03  2.056814e-02 



Average loading for wing surface: 6 --> VSP Surface: 6 ... NOTE: values are per area! 

  Station     S       Chord     Area      V/Vref        Cx            Cy            Cz           Cxo           Cyo           Czo          Cxi            Cyi           Czi           Cl            Cd            Cs            Clo           Cdo           Cso           Cli           Cdi           Csi           Cmx           Cmy           Cmz          Cmxo          Cmyo          Cmzo          Cmxi          Cmyi          Cmzi 
        1   0.24304   0.45000   0.01350   1.07262  8.811322e-03  1.501078e-01  1.924452e-01  8.657577e-03  8.164796e-05 -5.104973e-04  1.537455e-04  1.500262e-01  1.929557e-01  1.924452e-01  8.811322e-03  1.586838e-01 -5.104973e-04  8.657577e-03  8.164796e-05  1.929557e-01  1.537455e-04  1.500262e-01 -2.665985e-01 -2.554980e-02  1.813899e-02  7.438837e-04 -5.874567e-04  1.252164e-02 -2.673424e-01 -2.496235e-02  5.617346e-03 
        2   0.55031   0.45000   0.01350   1.01565  2.379533e-01  5.260374e-01 -5.627856e-01  9.197421e-03  7.643833e-05 -1.997801e-03  2.287559e-01  5.259610e-01 -5.607878e-01 -5.627856e-01  2.379533e-01  5.351584e-01 -1.997801e-03  9.197421e-03  7.643833e-05 -5.607878e-01  2.287559e-01  5.259610e-01  8.086970e-01  2.184237e-01  6.019849e-01  2.886700e-03  2.788257e-04  1.330038e-02  8.058104e-01  2.181449e-01  5.886845e-01 
        3   0.67879   0.45000   0.01350   0.99229 -6.955983e-02  3.929709e-01 -7.416595e-01  8.334970e-03 -2.017444e-05 -9.875510e-04 -7.789480e-02  3.929911e-01 -7.406719e-01 -7.416595e-01 -6.955983e-02  4.013261e-01 -9.875510e-04  8.334970e-03 -2.017444e-05 -7.406719e-01 -7.789480e-02  3.929911e-01  1.060103e+00  2.229870e-01  2.081046e-01  1.427547e-03  6.445208e-04  1.203539e-02  1.058675e+00  2.223424e-01  1.960692e-01 
        4   0.80728   0.45000   0.01350   0.97629  2.882382e-03 -1.956670e-01  1.611435e-02  7.428581e-03  7.440618e-05 -5.092820e-04 -4.546199e-03 -1.957414e-01  1.662364e-02  1.611435e-02  2.882382e-03 -1.883128e-01 -5.092820e-04  7.428581e-03  7.440618e-05  1.662364e-02 -4.546199e-03 -1.957414e-01  2.251815e-03 -1.992803e-02 -1.674484e-02  7.266706e-04  9.958374e-04  1.074499e-02  1.525145e-03 -2.092387e-02 -2.748982e-02 
        5   0.93576   0.45000   0.01350   0.96302  7.307560e-03 -1.642213e-01  3.300828e-03  7.194211e-03  1.169471e-05 -2.512461e-04  1.133491e-04 -1.642330e-01  3.552074e-03  3.300828e-03  7.307560e-03 -1.570388e-01 -2.512461e-04  7.194211e-03  1.169471e-05  3.552074e-03  1.133491e-04 -1.642330e-01  2.563499e-02  5.641264e-04 -2.479860e-02  3.607233e-04  1.395863e-03  1.039397e-02  2.527427e-02 -8.317363e-04 -3.519257e-02 



Time history of loading for wing surface: 1 --> VSP Surface: 1 ... NOTE: values per area! 

  Station    Time       S       Chord     Area      V/Vref        Cx            Cy            Cz           Cxo           Cyo           Czo          Cxi            Cyi           Czi           Cl            Cd            Cs            Clo           Cdo           Cso           Cli           Cdi           Csi           Cmx           Cmy           Cmz          Cmxo          Cmyo          Cmzo          Cmxi          Cmyi          Cmzi 
        1   0.00000   0.06063   0.31995   0.01495   1.03741  3.411734e-02 -1.240184e-04 -9.492443e-01  1.373585e-02 -1.337134e-04  6.958548e-04  2.038149e-02  9.695001e-06 -9.499402e-01 -9.492443e-01  3.411734e-02  1.374554e-02  6.958548e-04  1.373585e-02 -1.337134e-04 -9.499402e-01  2.038149e-02  9.695001e-06 -6.886942e-02 -3.420134e-03 -2.484299e-03  4.994113e-05 -1.094564e-04 -1.006847e-03 -6.891936e-02 -3.310678e-03 -1.477451e-03 
        2   0.00000   0.15506   0.31995   0.01495   1.03738  3.007731e-02 -1.152752e-04 -9.491220e-01  1.373236e-02 -1.372666e-04  6.887370e-04  1.634495e-02  2.199134e-05 -9.498107e-01 -9.491220e-01  3.007731e-02  1.375435e-02  6.887370e-04  1.373236e-02 -1.372666e-04 -9.498107e-01  1.634495e-02  2.199134e-05 -2.065703e-01 -3.948486e-03 -6.553761e-03  1.493538e-04 -1.088974e-04 -2.999589e-03 -2.067196e-01 -3.839588e-03 -3.554172e-03 
        3   0.00000   0.22265   0.31995   0.01495   1.03532  3.157831e-02 -2.975438e-04 -9.514681e-01  1.374647e-02 -2.951097e-04  6.921984e-04  1.783185e-02 -2.434058e-06 -9.521603e-01 -9.514681e-01  3.157831e-02  1.374403e-02  6.921984e-04  1.374647e-02 -2.951097e-04 -9.521603e-01  1.783185e-02 -2.434058e-06 -3.451801e-01 -6.854319e-03 -1.148190e-02  2.499073e-04 -1.092200e-04 -5.009509e-03 -3.454300e-01 -6.745098e-03 -6.472394e-03 
        4   0.00000   0.29025   0.31995   0.01495   1.03526  2.801348e-02 -3.298554e-04 -9.515172e-01  1.374468e-02 -2.986277e-04  6.918416e-04  1.426880e-02 -3.122766e-05 -9.522091e-01 -9.515172e-01  2.801348e-02  1.371345e-02  6.918416e-04  1.374468e-02 -2.986277e-04 -9.522091e-01  1.426880e-02 -3.122766e-05 -4.832768e-01 -8.192603e-03 -1.425737e-02  3.501576e-04 -1.091854e-04 -7.003640e-03 -4.836270e-01 -8.083418e-03 -7.253735e-03 
        5   0.00000   0.35784   0.31995   0.01495   1.03092  2.892075e-02 -2.633431e-04 -9.502447e-01  1.371088e-02 -2.784129e-04  6.935849e-04  1.520987e-02  1.506983e-05 -9.509383e-01 -9.502447e-01  2.892075e-02  1.372596e-02  6.935849e-04  1.371088e-02 -2.784129e-04 -9.509383e-01  1.520987e-02  1.506983e-05 -6.205380e-01 -9.018431e-03 -1.890012e-02  4.517729e-04 -1.091806e-04 -8.974537e-03 -6.209898e-01 -8.909251e-03 -9.925585e-03 
        6   0.00000   0.42544   0.31995   0.01495   1.03051  2.918175e-02 -1.182413e-04 -9.433289e-01  1.363234e-02 -2.732325e-04  6.891140e-04  1.554941e-02  1.549912e-04 -9.440180e-01 -9.433289e-01  2.918175e-02  1.378733e-02  6.891140e-04  1.363234e-02 -2.732325e-04 -9.440180e-01  1.554941e-02  1.549912e-04 -7.529065e-01 -8.967900e-03 -2.326663e-02  5.488730e-04 -1.085170e-04 -1.090106e-02 -7.534554e-01 -8.859382e-03 -1.236557e-02 
        7   0.00000   0.49303   0.31995   0.01495   1.02624  2.767694e-02  6.542287e-05 -9.293241e-01  1.345715e-02 -2.169675e-04  6.818405e-04  1.421979e-02  2.823904e-04 -9.300060e-01 -9.293241e-01  2.767694e-02  1.373954e-02  6.818405e-04  1.345715e-02 -2.169675e-04 -9.300060e-01  1.421979e-02  2.823904e-04 -8.765649e-01 -7.635360e-03 -2.603321e-02  6.422410e-04 -1.072436e-04 -1.270972e-02 -8.772072e-01 -7.528116e-03 -1.332348e-02 
        8   0.00000   0.56063   0.31995   0.01495   1.02610  3.180679e-02  2.216396e-04 -9.100338e-01  1.324867e-02 -2.104397e-04  6.712865e-04  1.855812e-02  4.320793e-04 -9.107050e-01 -9.100338e-01  3.180679e-02  1.368075e-02  6.712865e-04  1.324867e-02 -2.104397e-04 -9.107050e-01  1.855812e-02  4.320793e-04 -9.904464e-01 -7.388452e-03 -3.449026e-02  7.297243e-04 -1.055828e-04 -1.443511e-02 -9.911762e-01 -7.282869e-03 -2.005514e-02 
        9   0.00000   0.62823   0.31995   0.01495   1.02296  2.943578e-02  2.652700e-04 -8.818002e-01  1.292961e-02 -1.935974e-04  6.563519e-04  1.650617e-02  4.588674e-04 -8.824566e-01 -8.818002e-01  2.943578e-02  1.338848e-02  6.563519e-04  1.292961e-02 -1.935974e-04 -8.824566e-01  1.650617e-02  4.588674e-04 -1.087655e+00 -4.142788e-03 -3.617306e-02  8.087835e-04 -1.031344e-04 -1.596281e-02 -1.088464e+00 -4.039654e-03 -2.021025e-02 
       10   0.00000   0.69582   0.31995   0.01495   1.02243  3.638748e-02  2.687888e-04 -8.524909e-01  1.262693e-02 -1.827568e-04  6.417345e-04  2.376055e-02  4.515456e-04 -8.531326e-01 -8.524909e-01  3.638748e-02  1.307848e-02  6.417345e-04  1.262693e-02 -1.827568e-04 -8.531326e-01  2.376055e-02  4.515456e-04 -1.175265e+00 -6.882382e-04 -5.005743e-02  8.839212e-04 -1.007773e-04 -1.742096e-02 -1.176149e+00 -5.874610e-04 -3.263647e-02 
       11   0.00000   0.76342   0.31995   0.01495   1.02040  3.238327e-02  3.029314e-04 -8.105277e-01  1.219317e-02 -2.180908e-04  6.244913e-04  2.019011e-02  5.210221e-04 -8.111523e-01 -8.105277e-01  3.238327e-02  1.271419e-02  6.244913e-04  1.219317e-02 -2.180908e-04 -8.111523e-01  2.019011e-02  5.210221e-04 -1.234996e+00  6.293301e-03 -4.918154e-02  9.506266e-04 -9.768279e-05 -1.859506e-02 -1.235946e+00  6.390984e-03 -3.058648e-02 
       12   0.00000   0.83101   0.31995   0.01495   1.01978  4.116285e-02  2.119312e-04 -7.612545e-01  1.172821e-02 -2.137161e-04  6.009568e-04  2.943464e-02  4.256473e-04 -7.618555e-01 -7.612545e-01  4.116285e-02  1.215385e-02  6.009568e-04  1.172821e-02 -2.137161e-04 -7.618555e-01  2.943464e-02  4.256473e-04 -1.270432e+00  8.398226e-03 -6.844081e-02  1.001991e-03 -9.397923e-05 -1.958818e-02 -1.271434e+00  8.492206e-03 -4.885263e-02 
       13   0.00000   0.89861   0.31995   0.01495   1.01986  3.879121e-02  2.937852e-03 -6.957102e-01  1.115232e-02 -2.828138e-04  5.863339e-04  2.763888e-02  3.220666e-03 -6.962966e-01 -6.957102e-01  3.879121e-02  1.437299e-02  5.863339e-04  1.115232e-02 -2.828138e-04 -6.962966e-01  2.763888e-02  3.220666e-03 -1.261847e+00  1.357139e-02 -6.930269e-02  1.062390e-03 -9.050376e-05 -2.025077e-02 -1.262909e+00  1.366190e-02 -4.905192e-02 
       14   0.00000   0.96620   0.31995   0.01495   1.02580  3.657507e-02  2.953551e-03 -6.246880e-01  1.065072e-02 -9.669804e-05  5.995807e-04  2.592435e-02  3.050249e-03 -6.252876e-01 -6.246880e-01  3.657507e-02  1.370097e-02  5.995807e-04  1.065072e-02 -9.669804e-05 -6.252876e-01  2.592435e-02  3.050249e-03 -1.223518e+00  3.217910e-02 -7.074988e-02  1.174186e-03 -8.946504e-05 -2.087221e-02 -1.224692e+00  3.226857e-02 -4.987766e-02 



Time history of loading for wing surface: 2 --> VSP Surface: 2 ... NOTE: values per area! 

  Station    Time       S       Chord     Area      V/Vref        Cx            Cy            Cz           Cxo           Cyo           Czo          Cxi            Cyi           Czi           Cl            Cd            Cs            Clo           Cdo           Cso           Cli           Cdi           Csi           Cmx           Cmy           Cmz          Cmxo          Cmyo          Cmzo          Cmxi          Cmyi          Cmzi 
        1   0.00000   0.06063   0.31995   0.01495   1.03723  3.463706e-02  1.275807e-04 -9.499990e-01  1.374307e-02  1.435614e-04  7.056432e-04  2.089399e-02 -1.598071e-05 -9.507046e-01 -9.499990e-01  3.463706e-02  1.372709e-02  7.056432e-04  1.374307e-02  1.435614e-04 -9.507046e-01  2.089399e-02 -1.598071e-05  6.892262e-02 -3.460832e-03  2.520627e-03 -5.061104e-05 -1.102350e-04  1.008125e-03  6.897323e-02 -3.350597e-03  1.512502e-03 
        2   0.00000   0.15506   0.31995   0.01495   1.03712  3.066172e-02  1.071575e-04 -9.507966e-01  1.374938e-02  1.453977e-04  6.993497e-04  1.691234e-02 -3.824022e-05 -9.514959e-01 -9.507966e-01  3.066172e-02  1.371114e-02  6.993497e-04  1.374938e-02  1.453977e-04 -9.514959e-01  1.691234e-02 -3.824022e-05  2.069343e-01 -3.857964e-03  6.676368e-03 -1.516306e-04 -1.097792e-04  3.003916e-03  2.070859e-01 -3.748185e-03  3.672452e-03 
        3   0.00000   0.22265   0.31995   0.01495   1.03485  3.220334e-02  2.807830e-04 -9.535058e-01  1.376661e-02  3.014327e-04  7.041209e-04  1.843674e-02 -2.064964e-05 -9.542100e-01 -9.535058e-01  3.220334e-02  1.374596e-02  7.041209e-04  1.376661e-02  3.014327e-04 -9.542100e-01  1.843674e-02 -2.064964e-05  3.459198e-01 -6.742791e-03  1.170050e-02 -2.542067e-04 -1.102148e-04  5.017300e-03  3.461740e-01 -6.632576e-03  6.683199e-03 
        4   0.00000   0.29025   0.31995   0.01495   1.03476  2.872359e-02  3.204619e-04 -9.537638e-01  1.376701e-02  3.048561e-04  7.047440e-04  1.495657e-02  1.560575e-05 -9.544685e-01 -9.537638e-01  2.872359e-02  1.378262e-02  7.047440e-04  1.376701e-02  3.048561e-04 -9.544685e-01  1.495657e-02  1.560575e-05  4.844188e-01 -8.071449e-03  1.461270e-02 -3.566851e-04 -1.102642e-04  7.015461e-03  4.847755e-01 -7.961184e-03  7.597236e-03 
        5   0.00000   0.35784   0.31995   0.01495   1.03022  2.959654e-02  2.805056e-04 -9.521875e-01  1.372909e-02  2.837708e-04  7.078690e-04  1.586746e-02 -3.265175e-06 -9.528954e-01 -9.521875e-01  2.959654e-02  1.372582e-02  7.078690e-04  1.372909e-02  2.837708e-04 -9.528954e-01  1.586746e-02 -3.265175e-06  6.218072e-01 -9.047180e-03  1.934736e-02 -4.610785e-04 -1.103482e-04  8.986835e-03  6.222683e-01 -8.936832e-03  1.036052e-02 
        6   0.00000   0.42544   0.31995   0.01495   1.02977  2.995209e-02  1.815098e-04 -9.451107e-01  1.364834e-02  2.785851e-04  7.044039e-04  1.630375e-02 -9.707530e-05 -9.458151e-01 -9.451107e-01  2.995209e-02  1.355126e-02  7.044039e-04  1.364834e-02  2.785851e-04 -9.458151e-01  1.630375e-02 -9.707530e-05  7.543298e-01 -9.033535e-03  2.390628e-02 -5.610541e-04 -1.097526e-04  1.091424e-02  7.548909e-01 -8.923782e-03  1.299204e-02 
        7   0.00000   0.49303   0.31995   0.01495   1.02513  2.842149e-02  4.135432e-05 -9.308273e-01  1.346810e-02  2.216220e-04  6.970233e-04  1.495339e-02 -1.802677e-04 -9.315243e-01 -9.308273e-01  2.842149e-02  1.328783e-02  6.970233e-04  1.346810e-02  2.216220e-04 -9.315243e-01  1.495339e-02 -1.802677e-04  8.779835e-01 -7.701178e-03  2.677794e-02 -6.565427e-04 -1.084503e-04  1.272040e-02  8.786400e-01 -7.592728e-03  1.405753e-02 
        8   0.00000   0.56063   0.31995   0.01495   1.02492  3.262027e-02 -5.070302e-05 -9.110647e-01  1.325334e-02  2.147992e-04  6.872488e-04  1.936693e-02 -2.655022e-04 -9.117520e-01 -9.110647e-01  3.262027e-02  1.298784e-02  6.872488e-04  1.325334e-02  2.147992e-04 -9.117520e-01  1.936693e-02 -2.655022e-04  9.915698e-01 -7.524505e-03  3.544427e-02 -7.470788e-04 -1.068235e-04  1.444053e-02  9.923169e-01 -7.417682e-03  2.100374e-02 
        9   0.00000   0.62823   0.31995   0.01495   1.02139  3.009446e-02 -3.869302e-05 -8.821897e-01  1.292441e-02  1.949388e-04  6.721812e-04  1.717005e-02 -2.336318e-04 -8.828618e-01 -8.821897e-01  3.009446e-02  1.269078e-02  6.721812e-04  1.292441e-02  1.949388e-04 -8.828618e-01  1.717005e-02 -2.336318e-04  1.088142e+00 -4.328332e-03  3.708038e-02 -8.283026e-04 -1.043245e-04  1.595651e-02  1.088970e+00 -4.224008e-03  2.112388e-02 
       10   0.00000   0.69582   0.31995   0.01495   1.02048  3.687947e-02  5.261572e-05 -8.511549e-01  1.260071e-02  1.841358e-04  6.549472e-04  2.427876e-02 -1.315201e-04 -8.518098e-01 -8.511549e-01  3.687947e-02  1.246919e-02  6.549472e-04  1.260071e-02  1.841358e-04 -8.518098e-01  2.427876e-02 -1.315201e-04  1.173402e+00 -1.482397e-03  5.087020e-02 -9.021300e-04 -1.016811e-04  1.738491e-02  1.174304e+00 -1.380716e-03  3.348529e-02 
       11   0.00000   0.76342   0.31995   0.01495   1.01842  3.270753e-02  4.475316e-05 -8.083963e-01  1.215829e-02  2.117615e-04  6.346298e-04  2.054924e-02 -1.670084e-04 -8.090310e-01 -8.083963e-01  3.270753e-02  1.199128e-02  6.346298e-04  1.215829e-02  2.117615e-04 -8.090310e-01  2.054924e-02 -1.670084e-04  1.231756e+00  5.441523e-03  4.982898e-02 -9.661002e-04 -9.831594e-05  1.854143e-02  1.232722e+00  5.539839e-03  3.128755e-02 
       12   0.00000   0.83101   0.31995   0.01495   1.01833  4.117177e-02 -4.749250e-05 -7.585937e-01  1.169216e-02  2.033809e-04  6.076577e-04  2.947961e-02 -2.508734e-04 -7.592014e-01 -7.585937e-01  4.117177e-02  1.144129e-02  6.076577e-04  1.169216e-02  2.033809e-04 -7.592014e-01  2.947961e-02 -2.508734e-04  1.265986e+00  7.684680e-03  6.851570e-02 -1.013216e-03 -9.434454e-05  1.952723e-02  1.267000e+00  7.779025e-03  4.898847e-02 
       13   0.00000   0.89861   0.31995   0.01495   1.01933  3.863004e-02 -3.015073e-03 -6.931266e-01  1.112619e-02  2.600735e-04  5.896911e-04  2.750384e-02 -3.275147e-03 -6.937163e-01 -6.931266e-01  3.863004e-02  7.851048e-03  5.896911e-04  1.112619e-02  2.600735e-04 -6.937163e-01  2.750384e-02 -3.275147e-03  1.257122e+00  1.325291e-02  6.897317e-02 -1.068573e-03 -9.065378e-05  2.020164e-02  1.258190e+00  1.334356e-02  4.877153e-02 
       14   0.00000   0.96620   0.31995   0.01495   1.02997  3.534845e-02 -3.061612e-03 -6.188627e-01  1.065129e-02  6.673304e-05  5.967552e-04  2.469716e-02 -3.128345e-03 -6.194595e-01 -6.188627e-01  3.534845e-02  7.522943e-03  5.967552e-04  1.065129e-02  6.673304e-05 -6.194595e-01  2.469716e-02 -3.128345e-03  1.212156e+00  3.052337e-02  6.832511e-02 -1.168773e-03 -8.925114e-05  2.087103e-02  1.213324e+00  3.061262e-02  4.745407e-02 



Time history of loading for wing surface: 3 --> VSP Surface: 3 ... NOTE: values per area! 

  Station    Time       S       Chord     Area      V/Vref        Cx            Cy            Cz           Cxo           Cyo           Czo          Cxi            Cyi           Czi           Cl            Cd            Cs            Clo           Cdo           Cso           Cli           Cdi           Csi           Cmx           Cmy           Cmz          Cmxo          Cmyo          Cmzo          Cmxi          Cmyi          Cmzi 
        1   0.00000   0.03092   0.12926   0.00606   0.96767  1.914174e-01 -1.333107e-04 -8.105206e-01  1.311006e-02 -1.241089e-04  2.849100e-03  1.783073e-01 -9.201775e-06 -8.133697e-01 -8.105206e-01  1.914174e-01  1.310086e-02  2.849100e-03  1.311006e-02 -1.241089e-04 -8.133697e-01  1.783073e-01 -9.201775e-06 -1.455420e-01  1.487096e+00 -3.461915e-02  5.410009e-04 -1.942074e-03 -2.574000e-03 -1.460830e-01  1.489038e+00 -3.204514e-02 
        2   0.00000   0.09793   0.12926   0.00606   0.96740  1.885087e-01 -1.194936e-04 -8.077103e-01  1.307281e-02 -1.535302e-04  2.834438e-03  1.754359e-01  3.403656e-05 -8.105447e-01 -8.077103e-01  1.885087e-01  1.310685e-02  2.834438e-03  1.307281e-02 -1.535302e-04 -8.105447e-01  1.754359e-01  3.403656e-05 -4.351965e-01  1.481217e+00 -1.017762e-01  1.563440e-03 -1.924944e-03 -7.315063e-03 -4.367600e-01  1.483142e+00 -9.446110e-02 
        3   0.00000   0.17009   0.12926   0.00606   0.97185  1.810939e-01 -3.387200e-04 -7.888941e-01  1.288828e-02 -3.539922e-04  2.795658e-03  1.682056e-01  1.527222e-05 -7.916897e-01 -7.888941e-01  1.810939e-01  1.290355e-02  2.795658e-03  1.288828e-02 -3.539922e-04 -7.916897e-01  1.682056e-01  1.527222e-05 -7.082832e-01  1.440976e+00 -1.631910e-01  2.594074e-03 -1.899948e-03 -1.219953e-02 -7.108773e-01  1.442876e+00 -1.509915e-01 
        4   0.00000   0.24226   0.12926   0.00606   0.97190  1.933058e-01 -3.681057e-04 -8.160927e-01  1.320101e-02 -3.355143e-04  2.858100e-03  1.801048e-01 -3.259141e-05 -8.189507e-01 -8.160927e-01  1.933058e-01  1.316842e-02  2.858100e-03  1.320101e-02 -3.355143e-04 -8.189507e-01  1.801048e-01 -3.259141e-05 -1.025956e+00  1.501006e+00 -2.437114e-01  3.672410e-03 -1.936513e-03 -1.718947e-02 -1.029629e+00  1.502943e+00 -2.265219e-01 
        5   0.00000   0.31442   0.12926   0.00606   0.97650  1.884446e-01 -2.557138e-04 -8.026195e-01  1.308231e-02 -2.960652e-04  2.834142e-03  1.753623e-01  4.035140e-05 -8.054536e-01 -8.026195e-01  1.884446e-01  1.312266e-02  2.834142e-03  1.308231e-02 -2.960652e-04 -8.054536e-01  1.753623e-01  4.035140e-05 -1.297262e+00  1.473346e+00 -3.050435e-01  4.650994e-03 -1.922179e-03 -2.166964e-02 -1.301913e+00  1.475268e+00 -2.833738e-01 
        6   0.00000   0.38659   0.12926   0.00606   0.97643  1.861819e-01 -1.019153e-04 -7.959914e-01  1.301018e-02 -2.225921e-04  2.817562e-03  1.731717e-01  1.206768e-04 -7.988090e-01 -7.959914e-01  1.861819e-01  1.313085e-02  2.817562e-03  1.301018e-02 -2.225921e-04 -7.988090e-01  1.731717e-01  1.206768e-04 -1.572500e+00  1.461849e+00 -3.679686e-01  5.618909e-03 -1.909895e-03 -2.609636e-02 -1.578119e+00  1.463759e+00 -3.418723e-01 
        7   0.00000   0.45876   0.12926   0.00606   0.97940  1.832768e-01  1.642670e-04 -7.893624e-01  1.295972e-02 -5.095841e-05  2.812463e-03  1.703171e-01  2.152254e-04 -7.921749e-01 -7.893624e-01  1.832768e-01  1.317494e-02  2.812463e-03  1.295972e-02 -5.095841e-05 -7.921749e-01  1.703171e-01  2.152254e-04 -1.843001e+00  1.450430e+00 -4.275747e-01  6.578542e-03 -1.912794e-03 -3.034831e-02 -1.849580e+00  1.452343e+00 -3.972264e-01 
        8   0.00000   0.53092   0.12926   0.00606   0.98010  1.844931e-01  3.761172e-04 -7.799566e-01  1.287303e-02  3.978268e-05  2.796347e-03  1.716201e-01  3.363345e-04 -7.827529e-01 -7.799566e-01  1.844931e-01  1.320936e-02  2.796347e-03  1.287303e-02  3.978268e-05 -7.827529e-01  1.716201e-01  3.363345e-04 -2.101226e+00  1.435174e+00 -4.963102e-01  7.523930e-03 -1.904767e-03 -3.460943e-02 -2.108750e+00  1.437078e+00 -4.617008e-01 
        9   0.00000   0.60309   0.12926   0.00606   0.98286  1.810130e-01  5.159892e-04 -7.741749e-01  1.282850e-02  1.763270e-04  2.792721e-03  1.681845e-01  3.396622e-04 -7.769676e-01 -7.741749e-01  1.810130e-01  1.316816e-02  2.792721e-03  1.282850e-02  1.763270e-04 -7.769676e-01  1.681845e-01  3.396622e-04 -2.363813e+00  1.426981e+00 -5.517191e-01  8.485063e-03 -1.908871e-03 -3.885602e-02 -2.372298e+00  1.428890e+00 -5.128631e-01 
       10   0.00000   0.67525   0.12926   0.00606   0.98238  1.857673e-01  4.219769e-04 -7.666582e-01  1.276526e-02  2.381186e-04  2.751987e-03  1.730021e-01  1.838583e-04 -7.694102e-01 -7.666582e-01  1.857673e-01  1.294912e-02  2.751987e-03  1.276526e-02  2.381186e-04 -7.694102e-01  1.730021e-01  1.838583e-04 -2.616408e+00  1.416096e+00 -6.332051e-01  9.334612e-03 -1.851778e-03 -4.313893e-02 -2.625743e+00  1.417948e+00 -5.900662e-01 
       11   0.00000   0.74742   0.12926   0.00606   0.98769  1.926612e-01  3.452330e-04 -7.793743e-01  1.293955e-02  4.729684e-04  2.803342e-03  1.797217e-01 -1.277354e-04 -7.821777e-01 -7.793743e-01  1.926612e-01  1.281181e-02  2.803342e-03  1.293955e-02  4.729684e-04 -7.821777e-01  1.797217e-01 -1.277354e-04 -2.939103e+00  1.443684e+00 -7.258880e-01  1.046136e-02 -1.901429e-03 -4.796629e-02 -2.949564e+00  1.445585e+00 -6.779217e-01 
       12   0.00000   0.81959   0.12926   0.00606   0.99442  1.955429e-01  4.829835e-04 -7.748035e-01  1.294116e-02  6.738375e-04  2.844720e-03  1.826018e-01 -1.908540e-04 -7.776482e-01 -7.748035e-01  1.955429e-01  1.275031e-02  2.844720e-03  1.294116e-02  6.738375e-04 -7.776482e-01  1.826018e-01 -1.908540e-04 -3.201147e+00  1.442924e+00 -8.070346e-01  1.159181e-02 -1.974210e-03 -5.226566e-02 -3.212738e+00  1.444898e+00 -7.547689e-01 
       13   0.00000   0.89175   0.12926   0.00606   0.99463  1.996157e-01  8.328767e-03 -7.678733e-01  1.286850e-02  1.058905e-03  2.786065e-03  1.867472e-01  7.269862e-03 -7.706594e-01 -7.678733e-01  1.996157e-01  2.013836e-02  2.786065e-03  1.286850e-02  1.058905e-03 -7.706594e-01  1.867472e-01  7.269862e-03 -3.448294e+00  1.427182e+00 -8.808342e-01  1.225934e-02 -1.887657e-03 -5.590698e-02 -3.460553e+00  1.429069e+00 -8.249272e-01 
       14   0.00000   0.96392   0.12926   0.00606   1.00706  1.037366e-01  9.952146e-03 -8.422387e-01  1.347594e-02  2.660171e-03  1.704747e-03  9.026066e-02  7.291975e-03 -8.439435e-01 -8.422387e-01  1.037366e-01  2.076792e-02  1.704747e-03  1.347594e-02  2.660171e-03 -8.439435e-01  9.026066e-02  7.291975e-03 -4.087331e+00  1.566668e+00 -4.849730e-01  7.638495e-03  1.677106e-04 -6.064366e-02 -4.094969e+00  1.566500e+00 -4.243294e-01 



Time history of loading for wing surface: 4 --> VSP Surface: 4 ... NOTE: values per area! 

  Station    Time       S       Chord     Area      V/Vref        Cx            Cy            Cz           Cxo           Cyo           Czo          Cxi            Cyi           Czi           Cl            Cd            Cs            Clo           Cdo           Cso           Cli           Cdi           Csi           Cmx           Cmy           Cmz          Cmxo          Cmyo          Cmzo          Cmxi          Cmyi          Cmzi 
        1   0.00000   0.03092   0.12926   0.00606   0.96788  1.911351e-01  1.841959e-04 -8.094056e-01  1.309890e-02  1.544492e-04  2.845908e-03  1.780362e-01  2.974677e-05 -8.122514e-01 -8.094056e-01  1.911351e-01  1.312865e-02  2.845908e-03  1.309890e-02  1.544492e-04 -8.122514e-01  1.780362e-01  2.974677e-05  1.453367e-01  1.485699e+00  3.466781e-02 -5.475916e-04 -1.939065e-03  2.625642e-03  1.458843e-01  1.487639e+00  3.204217e-02 
        2   0.00000   0.09793   0.12926   0.00606   0.96734  1.880763e-01  1.557731e-04 -8.043236e-01  1.303488e-02  1.720339e-04  2.828918e-03  1.750415e-01 -1.626077e-05 -8.071524e-01 -8.043236e-01  1.880763e-01  1.301862e-02  2.828918e-03  1.303488e-02  1.720339e-04 -8.071524e-01  1.750415e-01 -1.626077e-05  4.333643e-01  1.476113e+00  1.016141e-01 -1.564835e-03 -1.924140e-03  7.327345e-03  4.349292e-01  1.478037e+00  9.428676e-02 
        3   0.00000   0.17009   0.12926   0.00606   0.97162  1.803396e-01  3.436457e-04 -7.842430e-01  1.283621e-02  3.696771e-04  2.788576e-03  1.675034e-01 -2.603141e-05 -7.870315e-01 -7.842430e-01  1.803396e-01  1.281018e-02  2.788576e-03  1.283621e-02  3.696771e-04 -7.870315e-01  1.675034e-01 -2.603141e-05  7.040984e-01  1.433880e+00  1.625177e-01 -2.591418e-03 -1.899720e-03  1.218051e-02  7.066898e-01  1.435779e+00  1.503372e-01 
        4   0.00000   0.24226   0.12926   0.00606   0.97165  1.926204e-01  3.679683e-04 -8.101874e-01  1.313402e-02  3.467875e-04  2.848515e-03  1.794864e-01  2.118080e-05 -8.130359e-01 -8.101874e-01  1.926204e-01  1.315520e-02  2.848515e-03  1.313402e-02  3.467875e-04 -8.130359e-01  1.794864e-01  2.118080e-05  1.018534e+00  1.491877e+00  2.428488e-01 -3.663021e-03 -1.935383e-03  1.712519e-02  1.022197e+00  1.493812e+00  2.257236e-01 
        5   0.00000   0.31442   0.12926   0.00606   0.97592  1.870659e-01  2.520356e-04 -7.954307e-01  1.300029e-02  3.082461e-04  2.818613e-03  1.740656e-01 -5.621046e-05 -7.982493e-01 -7.954307e-01  1.870659e-01  1.294408e-02  2.818613e-03  1.300029e-02  3.082461e-04 -7.982493e-01  1.740656e-01 -5.621046e-05  1.285642e+00  1.461784e+00  3.028052e-01 -4.628769e-03 -1.914088e-03  2.155860e-02  1.290271e+00  1.463698e+00  2.812466e-01 
        6   0.00000   0.38659   0.12926   0.00606   0.97585  1.848374e-01  6.074896e-05 -7.873001e-01  1.291321e-02  2.330906e-04  2.800963e-03  1.719242e-01 -1.723417e-04 -7.901010e-01 -7.873001e-01  1.848374e-01  1.274087e-02  2.800963e-03  1.291321e-02  2.330906e-04 -7.901010e-01  1.719242e-01 -1.723417e-04  1.555331e+00  1.447881e+00  3.652303e-01 -5.588594e-03 -1.903440e-03  2.592337e-02  1.560920e+00  1.449785e+00  3.393070e-01 
        7   0.00000   0.45876   0.12926   0.00606   0.97806  1.810037e-01 -2.086383e-04 -7.779002e-01  1.282962e-02  7.495555e-05  2.782242e-03  1.681740e-01 -2.835939e-04 -7.806824e-01 -7.779002e-01  1.810037e-01  1.254603e-02  2.782242e-03  1.282962e-02  7.495555e-05 -7.806824e-01  1.681740e-01 -2.835939e-04  1.816243e+00  1.431875e+00  4.221690e-01 -6.513647e-03 -1.890076e-03  3.008700e-02  1.822756e+00  1.433765e+00  3.920820e-01 
        8   0.00000   0.53092   0.12926   0.00606   0.97850  1.815552e-01 -4.775012e-04 -7.658327e-01  1.271467e-02 -2.613346e-05  2.759421e-03  1.688405e-01 -4.513678e-04 -7.685922e-01 -7.658327e-01  1.815552e-01  1.226330e-02  2.759421e-03  1.271467e-02 -2.613346e-05 -7.685922e-01  1.688405e-01 -4.513678e-04  2.063187e+00  1.411597e+00  4.881876e-01 -7.427675e-03 -1.876868e-03  3.420695e-02  2.070615e+00  1.413474e+00  4.539807e-01 
        9   0.00000   0.60309   0.12926   0.00606   0.97936  1.766213e-01 -5.666292e-04 -7.570454e-01  1.262739e-02 -1.679708e-04  2.727372e-03  1.639939e-01 -3.986584e-04 -7.597728e-01 -7.570454e-01  1.766213e-01  1.222873e-02  2.727372e-03  1.262739e-02 -1.679708e-04 -7.597728e-01  1.639939e-01 -3.986584e-04  2.311534e+00  1.398289e+00  5.382143e-01 -8.287512e-03 -1.840809e-03  3.825677e-02  2.319822e+00  1.400130e+00  4.999575e-01 
       10   0.00000   0.67525   0.12926   0.00606   0.97967  1.836590e-01 -5.053833e-04 -7.467969e-01  1.254238e-02 -2.742325e-04  2.717953e-03  1.711166e-01 -2.311508e-04 -7.495149e-01 -7.467969e-01  1.836590e-01  1.231123e-02  2.717953e-03  1.254238e-02 -2.742325e-04 -7.495149e-01  1.711166e-01 -2.311508e-04  2.548430e+00  1.382964e+00  6.258067e-01 -9.209947e-03 -1.844227e-03  4.231453e-02  2.557640e+00  1.384809e+00  5.834922e-01 
       11   0.00000   0.74742   0.12926   0.00606   0.98117  1.818971e-01 -7.401367e-04 -7.401170e-01  1.248915e-02 -4.416932e-04  2.679372e-03  1.694079e-01 -2.984434e-04 -7.427964e-01 -7.401170e-01  1.818971e-01  1.219071e-02  2.679372e-03  1.248915e-02 -4.416932e-04 -7.427964e-01  1.694079e-01 -2.984434e-04  2.791343e+00  1.373228e+00  6.845624e-01 -1.000118e-02 -1.788578e-03  4.632290e-02  2.801345e+00  1.375017e+00  6.382395e-01 
       12   0.00000   0.81959   0.12926   0.00606   0.99107  1.779692e-01 -1.234480e-03 -7.313759e-01  1.248782e-02 -7.036517e-04  2.631215e-03  1.654813e-01 -5.308279e-04 -7.340071e-01 -7.313759e-01  1.779692e-01  1.195699e-02  2.631215e-03  1.248782e-02 -7.036517e-04 -7.340071e-01  1.654813e-01 -5.308279e-04  3.022668e+00  1.358919e+00  7.333554e-01 -1.070283e-02 -1.703745e-03  5.034028e-02  3.033371e+00  1.360623e+00  6.830151e-01 
       13   0.00000   0.89175   0.12926   0.00606   0.99849  1.985726e-01 -2.240990e-02 -8.070539e-01  1.329825e-02 -1.355796e-03  2.659999e-03  1.852743e-01 -2.105410e-02 -8.097140e-01 -8.070539e-01  1.985726e-01 -7.755856e-03  2.659999e-03  1.329825e-02 -1.355796e-03 -8.097140e-01  1.852743e-01 -2.105410e-02  3.636800e+00  1.501522e+00  8.481316e-01 -1.162321e-02 -1.563280e-03  5.731160e-02  3.648423e+00  1.503086e+00  7.908200e-01 
       14   0.00000   0.96392   0.12926   0.00606   1.03196  2.446528e-01 -2.482406e-02 -1.069055e+00  1.607974e-02 -4.117536e-03  3.366012e-03  2.285731e-01 -2.070653e-02 -1.072421e+00 -1.069055e+00  2.446528e-01 -4.626783e-03  3.366012e-03  1.607974e-02 -4.117536e-03 -1.072421e+00  2.285731e-01 -2.070653e-02  5.182470e+00  1.968452e+00  1.133357e+00 -1.535015e-02 -2.154848e-03  7.069310e-02  5.197820e+00  1.970607e+00  1.062664e+00 



Time history of loading for wing surface: 5 --> VSP Surface: 5 ... NOTE: values per area! 

  Station    Time       S       Chord     Area      V/Vref        Cx            Cy            Cz           Cxo           Cyo           Czo          Cxi            Cyi           Czi           Cl            Cd            Cs            Clo           Cdo           Cso           Cli           Cdi           Csi           Cmx           Cmy           Cmz          Cmxo          Cmyo          Cmzo          Cmxi          Cmyi          Cmzi 
        1   0.00000   0.24304   0.45000   0.01350   1.09202  8.528701e-03 -1.879937e-01  1.883869e-01  9.014309e-03 -1.212245e-06 -3.694221e-04 -4.856086e-04 -1.879925e-01  1.887564e-01  1.883869e-01  8.528701e-03 -1.789782e-01 -3.694221e-04  9.014309e-03 -1.212245e-06  1.887564e-01 -4.856086e-04 -1.879925e-01  2.575589e-01 -2.245486e-02 -3.798506e-02 -5.337062e-04 -6.439352e-04 -1.302091e-02  2.580927e-01 -2.181092e-02 -2.496415e-02 
        2   0.00000   0.55031   0.45000   0.01350   1.05399  2.525785e-01 -2.926704e-01 -7.418327e-01  8.711774e-03 -2.375455e-04 -9.002681e-04  2.438667e-01 -2.924328e-01 -7.409324e-01 -7.418327e-01  2.525785e-01 -2.837211e-01 -9.002681e-04  8.711774e-03 -2.375455e-04 -7.409324e-01  2.438667e-01 -2.924328e-01 -1.073247e+00  3.145830e-01 -4.673901e-01 -1.303458e-03  6.660917e-05 -1.263096e-02 -1.071944e+00  3.145164e-01 -4.547591e-01 
        3   0.00000   0.67879   0.45000   0.01350   0.95001 -4.382325e-02 -1.081853e-01 -9.522766e-01  6.907874e-03 -8.136705e-05 -4.798410e-04 -5.073112e-02 -1.081039e-01 -9.517968e-01 -9.522766e-01 -4.382325e-02 -1.011960e-01 -4.798410e-04  6.907874e-03 -8.136705e-05 -9.517968e-01 -5.073112e-02 -1.081039e-01 -1.371377e+00  3.446542e-01 -7.248905e-02 -6.887310e-04  4.667548e-04 -9.994239e-03 -1.370688e+00  3.441874e-01 -6.249481e-02 
        4   0.00000   0.80728   0.45000   0.01350   0.95870  8.608447e-03  1.578968e-01 -1.647173e-02  7.114637e-03 -1.198874e-05 -4.495190e-04  1.493810e-03  1.579088e-01 -1.602221e-02 -1.647173e-02  8.608447e-03  1.650234e-01 -4.495190e-04  7.114637e-03 -1.198874e-05 -1.602221e-02  1.493810e-03  1.579088e-01 -4.383529e-02  5.705914e-03 -1.364864e-02 -6.478617e-04  9.461390e-04 -1.027908e-02 -4.318742e-02  4.759776e-03 -3.369557e-03 
        5   0.00000   0.93576   0.45000   0.01350   0.95797  7.362818e-03  1.398964e-01  5.846863e-03  7.078787e-03 -2.150432e-05 -2.389792e-04  2.840311e-04  1.399179e-01  6.085842e-03  5.846863e-03  7.362818e-03  1.469967e-01 -2.389792e-04  7.078787e-03 -2.150432e-05  6.085842e-03  2.840311e-04  1.399179e-01 -1.749386e-02 -1.390501e-03  1.033895e-02 -3.411693e-04  1.371828e-03 -1.022920e-02 -1.715270e-02 -2.762328e-03  2.056814e-02 



Time history of loading for wing surface: 6 --> VSP Surface: 6 ... NOTE: values per area! 

  Station    Time       S       Chord     Area      V/Vref        Cx            Cy            Cz           Cxo           Cyo           Czo          Cxi            Cyi           Czi           Cl            Cd            Cs            Clo           Cdo           Cso           Cli           Cdi           Csi           Cmx           Cmy           Cmz          Cmxo          Cmyo          Cmzo          Cmxi          Cmyi          Cmzi 
        1   0.00000   0.24304   0.45000   0.01350   1.07262  8.811322e-03  1.501078e-01  1.924452e-01  8.657577e-03  8.164796e-05 -5.104973e-04  1.537455e-04  1.500262e-01  1.929557e-01  1.924452e-01  8.811322e-03  1.586838e-01 -5.104973e-04  8.657577e-03  8.164796e-05  1.929557e-01  1.537455e-04  1.500262e-01 -2.665985e-01 -2.554980e-02  1.813899e-02  7.438837e-04 -5.874567e-04  1.252164e-02 -2.673424e-01 -2.496235e-02  5.617346e-03 
        2   0.00000   0.55031   0.45000   0.01350   1.01565  2.379533e-01  5.260374e-01 -5.627856e-01  9.197421e-03  7.643833e-05 -1.997801e-03  2.287559e-01  5.259610e-01 -5.607878e-01 -5.627856e-01  2.379533e-01  5.351584e-01 -1.997801e-03  9.197421e-03  7.643833e-05 -5.607878e-01  2.287559e-01  5.259610e-01  8.086970e-01  2.184237e-01  6.019849e-01  2.886700e-03  2.788257e-04  1.330038e-02  8.058104e-01  2.181449e-01  5.886845e-01 
        3   0.00000   0.67879   0.45000   0.01350   0.99229 -6.955983e-02  3.929709e-01 -7.416595e-01  8.334970e-03 -2.017444e-05 -9.875510e-04 -7.789480e-02  3.929911e-01 -7.406719e-01 -7.416595e-01 -6.955983e-02  4.013261e-01 -9.875510e-04  8.334970e-03 -2.017444e-05 -7.406719e-01 -7.789480e-02  3.929911e-01  1.060103e+00  2.229870e-01  2.081046e-01  1.427547e-03  6.445208e-04  1.203539e-02  1.058675e+00  2.223424e-01  1.960692e-01 
        4   0.00000   0.80728   0.45000   0.01350   0.97629  2.882382e-03 -1.956670e-01  1.611435e-02  7.428581e-03  7.440618e-05 -5.092820e-04 -4.546199e-03 -1.957414e-01  1.662364e-02  1.611435e-02  2.882382e-03 -1.883128e-01 -5.092820e-04  7.428581e-03  7.440618e-05  1.662364e-02 -4.546199e-03 -1.957414e-01  2.251815e-03 -1.992803e-02 -1.674484e-02  7.266706e-04  9.958374e-04  1.074499e-02  1.525145e-03 -2.092387e-02 -2.748982e-02 
        5   0.00000   0.93576   0.45000   0.01350   0.96302  7.307560e-03 -1.642213e-01  3.300828e-03  7.194211e-03  1.169471e-05 -2.512461e-04  1.133491e-04 -1.642330e-01  3.552074e-03  3.300828e-03  7.307560e-03 -1.570388e-01 -2.512461e-04  7.194211e-03  1.169471e-05  3.552074e-03  1.133491e-04 -1.642330e-01  2.563499e-02  5.641264e-04 -2.479860e-02  3.607233e-04  1.395863e-03  1.039397e-02  2.527427e-02 -8.317363e-04 -3.519257e-02 
