0.19206578233178045 0.07248787410033869 0.0
0.19205825353600392 0.07248478784400533 0.0
0.19203570245432064 0.0724754668374656 0.0
0.1919981560186239 0.07246000862390546 0.0
0.19194561422891374 0.07243841320332489 0.0
0.1918781040170834 0.07241077811890985 0.0
0.1917957195768177 0.07237714035105723 0.0
0.19169848616525934 0.07233762939909809 0.0
0.1915865282574875 0.07229231587432504 0.0
0.19145986943589438 0.07224136123221425 0.0
0.19131863082605796 0.07218489999634857 0.0
0.19116293355355635 0.07212306669031085 0.0
0.19099289539446634 0.07205605974997414 0.0
0.19080863412486485 0.07198407761121155 0.0
0.19061030282647498 0.07190725647235649 0.0
0.1903980478820175 0.07182586035632288 0.0
0.1901720509798595 0.07174009104848499 0.0
0.1899325257645132 0.07165015200896767 0.0
0.1896796169439487 0.07155633921682995 0.0
0.1894135398374288 0.07145882417605158 0.0
0.18913453334660843 0.07135793984608849 0.0
0.18884284474689547 0.07125385940567103 0.0
0.1885386490276546 0.07114691246475391 0.0
0.18822228430847726 0.07103737309475465 0.0
0.1878939945152701 0.0709254783866938 0.0
0.1875540202244387 0.07081152934388221 0.0
0.18720269955557445 0.07069580003773734 0.0
0.1868403689535182 0.07057859649582181 0.0
0.18646727234417662 0.0704601558091562 0.0
0.1860837764537851 0.07034081763619883 0.0
0.18569025303283074 0.07022082576697268 0.0
0.1852870082447599 0.07010045259814464 0.0
0.18487444077195303 0.06998003946292365 0.0
0.18445292236489727 0.06985983015133267 0.0
0.18402285505547428 0.0697401020842904 0.0
0.18358457696327551 0.06962112933321435 0.0
0.18313855235772225 0.0695032246246695 0.0
0.18268522025109302 0.06938657118588983 0.0
0.18222494736962322 0.06927150867533365 0.0
0.18175820133223533 0.06915828590727573 0.0
0.18128541947645732 0.06904711806509516 0.0
0.18080706774646105 0.0689382859192118 0.0
0.180323613761169 0.06883203828390048 0.0
0.1798355284890049 0.06872856006114574 0.0
0.17934327787414056 0.06862813202136746 0.0
0.17884736316639427 0.0685309726974459 0.0
0.17834825700894025 0.06843723503522055 0.0
0.1778464892582406 0.06834720315461246 0.0
0.17734253255746965 0.06826103000146108 0.0
0.17683692178734126 0.0681789038272522 0.0
0.17633015819767367 0.06810104316486604 0.0
0.17582278169343254 0.06802754039735306 0.0
0.17531526324304159 0.0679585804266978 0.0
0.17480820163950497 0.06789435485388723 0.0
0.1743020745502487 0.06783492075632544 0.0
0.17379741853073732 0.0677804344293531 0.0
0.17329480376733108 0.0677310218869163 0.0
0.17278764743002054 0.06768694697189927 0.0
0.17227840566126243 0.06765086987456441 0.0
0.17177259347615634 0.0676233359759264 0.0
0.171270759153421 0.06760427787831008 0.0
0.1707735132093147 0.06759366348968665 0.0
0.17028150481524332 0.06759133456819741 0.0
0.16979528057517496 0.06759725567231234 0.0
0.16931546105387152 0.06761120297313193 0.0
0.16884262983569806 0.06763304683544143 0.0
0.16837734189837564 0.06766259203698523 0.0
0.16792022115616745 0.06769955083657363 0.0
0.16747179063064943 0.06774372633720042 0.0
0.1670325800424 0.06779479381727899 0.0
0.1666031477186414 0.06785249414226349 0.0
0.1661840250547027 0.0679164706344222 0.0
0.16577567618412148 0.06798642717881238 0.0
0.16537857026468702 0.06806197179205598 0.0
0.16499323869172838 0.06814274779642124 0.0
0.16462005475459957 0.0682283581842783 0.0
0.16425948593633935 0.06831844292839422 0.0
0.16391190720105236 0.06841257306499401 0.0
0.16357772546898833 0.06851032130505333 0.0
0.1632573140295013 0.06861129064094228 0.0
0.1629509822596551 0.06871508071552983 0.0
0.16265904121126412 0.06882125921553979 0.0
0.16238180193614274 0.068929393827696 0.0
0.1621195418552097 0.0690390825201168 0.0
0.1618725047584879 0.06914995354231503 0.0
0.1616409041546059 0.06926160151290785 0.0
0.16142495355219214 0.06937362105051237 0.0
0.16122483115422878 0.06948566901128539 0.0
0.16104071683844856 0.06959737029523855 0.0
0.16087272322079285 0.06970841036517252 0.0
0.16072099654809863 0.06981844440249346 0.0
0.1605856124559104 0.06992725206368682 0.0
0.16046665327877493 0.07003448518065752 0.0
0.16036419465223667 0.070139923409891 0.0
0.16027824662479923 0.07024337501451659 0.0
0.16020888483200696 0.07034461965101971 0.0
0.16015602177917762 0.07044349251442297 0.0
0.16011972640285316 0.07053990108579225 0.0
0.160099944839247 0.07063365027875569 0.0
0.16009661150131826 0.07072476869995718 0.0
0.16010963721963412 0.07081312350056448 0.0
0.16013869713672407 0.07089757611849148 0.0
0.16018337052668252 0.07097698296740025 0.0
0.16024359180246864 0.07105137265393471 0.0
0.16031916922721173 0.07112073512959124 0.0
0.16040997162683016 0.07118512760765767 0.0
0.16051583587109713 0.07124460562667126 0.0
0.16063659882978593 0.07129922472516918 0.0
0.16077206206702346 0.07134910267922834 0.0
0.16092196658414765 0.0713942900031341 0.0
0.16108614590143053 0.07143490614771397 0.0
0.16126437130160448 0.07147103525814906 0.0
0.16145634680561052 0.07150282204240953 0.0
0.16166187397757562 0.07153038427657223 0.0
0.16188065516369007 0.07155389862475245 0.0
0.16211239605964559 0.07157347783877523 0.0
0.16235686459867327 0.07158926997611192 0.0
0.1626137597774624 0.07160151561316805 0.0
0.1628827536608088 0.07161035778316316 0.0
0.16316354692015228 0.07161600510635764 0.0
0.16345587385782834 0.07161863592161738 0.0
0.1637594015143811 0.07161848913059725 0.0
0.16407380027985577 0.07161573972266194 0.0
0.16439879775758548 0.07161069386125779 0.0
0.16473403238147044 0.07160352486099886 0.0
0.16507916951730411 0.07159450357968515 0.0
0.16543394179267137 0.07158384031232766 0.0
0.16579801122386453 0.07157186982901663 0.0
0.16617101624478373 0.07155876544436614 0.0
0.16655268278401147 0.07154486527796759 0.0
0.16694264592594676 0.07153040655672532 0.0
0.16734060299252815 0.07151566181318993 0.0
0.16774621767479855 0.07150093386130654 0.0
0.16815919064419776 0.07148643132133553 0.0
0.1685791183299772 0.07147251757001107 0.0
0.1690057333597218 0.07145940290234412 0.0
0.16943866579357872 0.07144742041367433 0.0
0.16987758434684264 0.07143677704951149 0.0
0.17032218466670157 0.0714277772985513 0.0
0.17077206988140933 0.0714206567129475 0.0
0.17122690703151006 0.07141565419435497 0.0
0.17168635980804656 0.07141307255671883 0.0
0.17215006664491908 0.07141308511465316 0.0
0.1726176306703814 0.07141592742031165 0.0
0.1730935896570395 0.07142183728827947 0.0
0.17357964692143674 0.07142888521894457 0.0
0.17406837677876924 0.07143629752167582 0.0
0.17455929318785784 0.0714441768997947 0.0
0.17505194038891803 0.07145265968751835 0.0
0.17554589792781153 0.07146181998152433 0.0
0.17604064780721415 0.07147175881038348 0.0
0.17653576957298764 0.07148255027077334 0.0
0.1770307452278078 0.07149429539126476 0.0
0.17752515766703755 0.07150700435624507 0.0
0.17801852084949785 0.07152077986903571 0.0
0.1785103537582614 0.0715356287645228 0.0
0.1790001434202558 0.07155155620284184 0.0
0.17948746938134283 0.0715686362806704 0.0
0.17997185229934573 0.07158684387674946 0.0
0.18045277920119218 0.07160618415121454 0.0
0.18092980270085057 0.07162663365755724 0.0
0.18140244178139361 0.07164819923066369 0.0
0.18187025240629098 0.07167079351173526 0.0
0.18233272327722086 0.07169438970476234 0.0
0.18278943896429675 0.07171896603798716 0.0
0.18323989151869813 0.07174443180310988 0.0
0.18368366886003967 0.07177070131608249 0.0
0.18412029164614474 0.07179774945564599 0.0
0.18454931751523357 0.07182545690685663 0.0
0.18497033438692084 0.07185373798566641 0.0
0.18538286459378056 0.07188253561467121 0.0
0.1857865313610737 0.07191170187228339 0.0
0.18618085869612483 0.07194114772495373 0.0
0.18656546647469377 0.0719707891633848 0.0
0.18693997624729097 0.07200051022213408 0.0
0.1873039456521367 0.07203019158625783 0.0
0.1876569945649908 0.07205974924645862 0.0
0.18799877649250882 0.07208906891204453 0.0
0.1883289129852012 0.072118034617573 0.0
0.18864702559357843 0.07214653039760154 0.0
0.1889528300618357 0.0721744772670845 0.0
0.18924591430958773 0.07220178954197384 0.0
0.1895260310614266 0.07222829404353924 0.0
0.18979282879975612 0.07225397234952409 0.0
0.1900460266182727 0.07227868156259253 0.0
0.19028537054256595 0.07230237632859467 0.0
0.1905105140792915 0.07232494235683855 0.0
0.19072130079722502 0.07234630736128096 0.0
0.19091744644056163 0.0723663923568763 0.0
0.19109873066578678 0.0723851217080801 0.0
0.1912649634107804 0.07240245341024369 0.0
0.1914159243320279 0.07241831182782264 0.0
0.19155148727969942 0.07243265830566943 0.0
0.19167143191028038 0.07244541720823963 0.0
0.19177569431148056 0.07245658518603205 0.0
0.1918641197268262 0.07246605799685836 0.0
0.19193660893838077 0.07247389452875698 0.0
0.19199307110196073 0.07247999388904076 0.0
0.1920334423052758 0.07248435272820852 0.0
0.19206578233178045 0.07248787410033869 0.0
