Cd.csv: 0.29204745253763376
Cl.csv: 3.072863498254887
CpT_both.csv: -0.7792484853482484
CpT_flap1.csv: -1.3468376463266047
CpT_flap2.csv: -0.7792484853482484
Cp_both.csv: -0.7792485177164805
