Cd.csv: 1.0774802432128745
Cl.csv: 2.275725177160169
CpT_both.csv: -0.3540147163802845
CpT_flap1.csv: -0.5619940467410908
CpT_flap2.csv: -0.3540147163802845
Cp_both.csv: -0.35401472998612765
