0.99934744,-0.03612046,0.0
0.99751852,-0.03550399,0.0
0.99251142,-0.03367194,0.0
0.98479779,-0.03114167,0.0
0.97430283,-0.02832074,0.0
0.96086522,-0.02524336,0.0
0.94455779,-0.02183211,0.0
0.92549975,-0.01811129,0.0
0.90382029,-0.01410561,0.0
0.87965824,-0.00985008,0.0
0.85318239,-0.00538085,0.0
0.82455229,-0.00071367,0.0
0.79396599,0.00409426,0.0
0.76162302,0.00902572,0.0
0.72773177,0.01403315,0.0
0.69251175,0.01909862,0.0
0.65621172,0.02418311,0.0
0.61907970,0.02922763,0.0
0.58136517,0.03421315,0.0
0.54334578,0.03906960,0.0
0.50528954,0.04373725,0.0
0.46745340,0.04812678,0.0
0.43010538,0.05217845,0.0
0.39348134,0.05577367,0.0
0.35779753,0.05880456,0.0
0.32324094,0.06118432,0.0
0.29003708,0.06278470,0.0
0.25821159,0.06348471,0.0
0.22781554,0.06331251,0.0
0.19902771,0.06223164,0.0
0.17183776,0.06023245,0.0
0.14633104,0.05746195,0.0
0.12262893,0.05395580,0.0
0.10079391,0.04978176,0.0
0.08095025,0.04505544,0.0
0.06315970,0.03982463,0.0
0.04744695,0.03421852,0.0
0.03393517,0.02832273,0.0
0.02261871,0.02225753,0.0
0.01352441,0.01621207,0.0
0.00669767,0.01033482,0.0
0.00218676,0.00485418,0.0
0.00000578,0.00015990,0.0
0.00086438,-0.00349350,0.0
0.00518325,-0.00637138,0.0
0.01273735,-0.00888588,0.0
0.02344638,-0.01104410,0.0
0.03721149,-0.01281246,0.0
0.05399126,-0.01422947,0.0
0.07368466,-0.01532152,0.0
0.09620141,-0.01609534,0.0
0.12140013,-0.01658585,0.0
0.14916947,-0.01682905,0.0
0.17933808,-0.01685877,0.0
0.21174391,-0.01672920,0.0
0.24615565,-0.01647200,0.0
0.28239127,-0.01614063,0.0
0.32018912,-0.01577567,0.0
0.35931754,-0.01541878,0.0
0.39950491,-0.01511016,0.0
0.44049995,-0.01488077,0.0
0.48199069,-0.01477937,0.0
0.52370694,-0.01480620,0.0
0.56534818,-0.01497040,0.0
0.60668493,-0.01525369,0.0
0.64753476,-0.01571951,0.0
0.68760883,-0.01660758,0.0
0.72639423,-0.01798943,0.0
0.76336599,-0.01971599,0.0
0.79834002,-0.02162051,0.0
0.83106973,-0.02360402,0.0
0.86136670,-0.02561968,0.0
0.88904356,-0.02759066,0.0
0.91390155,-0.02947978,0.0
0.93580363,-0.03120202,0.0
0.95459137,-0.03271162,0.0
0.97022802,-0.03391721,0.0
0.98266255,-0.03484696,0.0
0.99175361,-0.03553578,0.0
0.99740233,-0.03595009,0.0
0.99934744,-0.03612046,0.0
1.40913317,-0.47117187,0.0
1.40575328,-0.46450283,0.0
1.40232455,-0.45785910,0.0
1.39884724,-0.45124090,0.0
1.39532158,-0.44464851,0.0
1.39174782,-0.43808216,0.0
1.38812620,-0.43154212,0.0
1.38445696,-0.42502862,0.0
1.38074035,-0.41854193,0.0
1.37697661,-0.41208228,0.0
1.37316597,-0.40564994,0.0
1.36930869,-0.39924516,0.0
1.36540487,-0.39286832,0.0
1.36145444,-0.38651997,0.0
1.35745733,-0.38020071,0.0
1.35341345,-0.37391111,0.0
1.34932272,-0.36765174,0.0
1.34518506,-0.36142318,0.0
1.34100038,-0.35522601,0.0
1.33676861,-0.34906080,0.0
1.33248967,-0.34292814,0.0
1.32816347,-0.33682859,0.0
1.32378983,-0.33076286,0.0
1.31936833,-0.32473190,0.0
1.31489849,-0.31873675,0.0
1.31037984,-0.31277843,0.0
1.30581191,-0.30685796,0.0
1.30119421,-0.30097637,0.0
1.29652628,-0.29513469,0.0
1.29180765,-0.28933393,0.0
1.28703784,-0.28357513,0.0
1.28221637,-0.27785931,0.0
1.27734293,-0.27218745,0.0
1.27241753,-0.26656043,0.0
1.26744023,-0.26097915,0.0
1.26241107,-0.25544448,0.0
1.25733013,-0.24995730,0.0
1.25219746,-0.24451849,0.0
1.24701310,-0.23912892,0.0
1.24177713,-0.23378948,0.0
1.23648958,-0.22850105,0.0
1.23115053,-0.22326450,0.0
1.22576007,-0.21808079,0.0
1.22031831,-0.21295092,0.0
1.21482539,-0.20787587,0.0
1.20928143,-0.20285666,0.0
1.20368655,-0.19789428,0.0
1.19804087,-0.19298974,0.0
1.19234454,-0.18814404,0.0
1.18659765,-0.18335817,0.0
1.18080036,-0.17863313,0.0
1.17495279,-0.17397000,0.0
1.16905519,-0.16937006,0.0
1.16310779,-0.16483462,0.0
1.15711084,-0.16036501,0.0
1.15106458,-0.15596254,0.0
1.14496926,-0.15162855,0.0
1.13882512,-0.14736436,0.0
1.13263241,-0.14317128,0.0
1.12639137,-0.13905063,0.0
1.12010226,-0.13500373,0.0
1.11376556,-0.13103165,0.0
1.10738189,-0.12713536,0.0
1.10095184,-0.12331579,0.0
1.09447601,-0.11957391,0.0
1.08795503,-0.11591067,0.0
1.08138949,-0.11232703,0.0
1.07478000,-0.10882394,0.0
1.06812718,-0.10540234,0.0
1.06143161,-0.10206322,0.0
1.05469392,-0.09880816,0.0
1.04791469,-0.09563983,0.0
1.04109453,-0.09256097,0.0
1.03423403,-0.08957433,0.0
1.02733380,-0.08668265,0.0
1.02039442,-0.08388867,0.0
1.01341651,-0.08119515,0.0
1.00640065,-0.07860483,0.0
0.99934744,-0.07612046,0.0
0.99225752,-0.07374472,0.0
0.98513172,-0.07147989,0.0
0.97797098,-0.06932806,0.0
0.97077622,-0.06729135,0.0
0.96354838,-0.06537182,0.0
0.95628837,-0.06357299,0.0
0.94899695,-0.06190530,0.0
0.94167484,-0.06038133,0.0
0.93432274,-0.05901369,0.0
0.92694138,-0.05781497,0.0
0.91953223,-0.05679720,0.0
0.91210090,-0.05596922,0.0
0.90465428,-0.05533898,0.0
0.89719482,-0.05492293,0.0
0.88971716,-0.05475246,0.0
0.88221717,-0.05486161,0.0
0.87472613,-0.05530467,0.0
0.86730521,-0.05615300,0.0
0.86000794,-0.05748327,0.0
0.85276271,-0.05944098,0.0
0.84552798,-0.06224065,0.0
0.83893821,-0.06619038,0.0
0.83385758,-0.07162952,0.0
0.83106411,-0.07870149,0.0
0.83085341,-0.08645460,0.0
0.83333247,-0.09357940,0.0
0.83788581,-0.09954224,0.0
0.84333904,-0.10468049,0.0
0.84933435,-0.10917338,0.0
0.85566818,-0.11316086,0.0
0.86222740,-0.11675291,0.0
0.86894230,-0.12004452,0.0
0.87576451,-0.12310415,0.0
0.88267059,-0.12596887,0.0
0.88964108,-0.12867103,0.0
0.89666478,-0.13123340,0.0
0.90373217,-0.13367676,0.0
0.91083376,-0.13602190,0.0
0.91796006,-0.13828958,0.0
0.92510380,-0.14049676,0.0
0.93226203,-0.14265304,0.0
0.93943229,-0.14476718,0.0
0.94661212,-0.14684793,0.0
0.95379905,-0.14890400,0.0
0.96099095,-0.15094305,0.0
0.96818605,-0.15297119,0.0
0.97538263,-0.15499445,0.0
0.98257898,-0.15701884,0.0
0.98977337,-0.15905037,0.0
0.99696409,-0.16109505,0.0
1.00414942,-0.16315891,0.0
1.01132764,-0.16524794,0.0
1.01849703,-0.16736818,0.0
1.02565587,-0.16952552,0.0
1.03280257,-0.17172433,0.0
1.03993565,-0.17396770,0.0
1.04705361,-0.17625870,0.0
1.05415495,-0.17860040,0.0
1.06123818,-0.18099584,0.0
1.06830181,-0.18344811,0.0
1.07534435,-0.18596026,0.0
1.08236431,-0.18853536,0.0
1.08936019,-0.19117646,0.0
1.09633045,-0.19388647,0.0
1.10327334,-0.19666736,0.0
1.11018700,-0.19952083,0.0
1.11706960,-0.20244860,0.0
1.12391931,-0.20545236,0.0
1.13073429,-0.20853383,0.0
1.13751269,-0.21169471,0.0
1.14425269,-0.21493670,0.0
1.15095244,-0.21826151,0.0
1.15761010,-0.22167082,0.0
1.16422390,-0.22516560,0.0
1.17079212,-0.22874602,0.0
1.17731305,-0.23241218,0.0
1.18378496,-0.23616421,0.0
1.19020616,-0.24000220,0.0
1.19657491,-0.24392629,0.0
1.20288952,-0.24793657,0.0
1.20914827,-0.25203317,0.0
1.21534944,-0.25621620,0.0
1.22149155,-0.26048543,0.0
1.22757391,-0.26483954,0.0
1.23359593,-0.26927698,0.0
1.23955706,-0.27379621,0.0
1.24545673,-0.27839570,0.0
1.25129438,-0.28307389,0.0
1.25706945,-0.28782927,0.0
1.26278136,-0.29266027,0.0
1.26842957,-0.29756536,0.0
1.27401352,-0.30254300,0.0
1.27953299,-0.30759165,0.0
1.28498791,-0.31270974,0.0
1.29037825,-0.31789572,0.0
1.29570394,-0.32314805,0.0
1.30096495,-0.32846516,0.0
1.30616123,-0.33384550,0.0
1.31129272,-0.33928752,0.0
1.31635937,-0.34478967,0.0
1.32136115,-0.35035039,0.0
1.32629828,-0.35596802,0.0
1.33117186,-0.36164060,0.0
1.33598311,-0.36736611,0.0
1.34073329,-0.37314252,0.0
1.34542364,-0.37896781,0.0
1.35005540,-0.38483995,0.0
1.35462981,-0.39075692,0.0
1.35914812,-0.39671671,0.0
1.36361157,-0.40271728,0.0
1.36802140,-0.40875662,0.0
1.37237832,-0.41483327,0.0
1.37668197,-0.42094695,0.0
1.38093184,-0.42709750,0.0
1.38512744,-0.43328479,0.0
1.38926826,-0.43950867,0.0
1.39335380,-0.44576900,0.0
1.39738356,-0.45206563,0.0
1.40135705,-0.45839841,0.0
1.40527375,-0.46476721,0.0
1.40913317,-0.47117187,0.0
