0.99941495,-0.03420178,0.0
0.99615123,-0.03366985,0.0
0.98655408,-0.03196061,0.0
0.97104077,-0.02886821,0.0
0.95013134,-0.02440046,0.0
0.92440203,-0.01867712,0.0
0.89436468,-0.01194585,0.0
0.86049839,-0.00453323,0.0
0.82320301,0.00325690,0.0
0.78284805,0.01111170,0.0
0.73972718,0.01884104,0.0
0.69424845,0.02638090,0.0
0.64691814,0.03361391,0.0
0.59828217,0.04041133,0.0
0.54884613,0.04663577,0.0
0.49913493,0.05212919,0.0
0.44965451,0.05676422,0.0
0.40092114,0.06042313,0.0
0.35337114,0.06299093,0.0
0.30746254,0.06440191,0.0
0.26361372,0.06460174,0.0
0.22219413,0.06356776,0.0
0.18357388,0.06129731,0.0
0.14807450,0.05782942,0.0
0.11598788,0.05321414,0.0
0.08753662,0.04752390,0.0
0.06289472,0.04087280,0.0
0.04218828,0.03343665,0.0
0.02550579,0.02546255,0.0
0.01291816,0.01726828,0.0
0.00449768,0.00921156,0.0
0.00027315,0.00184174,0.0
0.00113484,-0.00397114,0.0
0.00776833,-0.00866076,0.0
0.01994842,-0.01295985,0.0
0.03745072,-0.01670065,0.0
0.06009670,-0.01983702,0.0
0.08772680,-0.02235349,0.0
0.12007945,-0.02429114,0.0
0.15686279,-0.02570002,0.0
0.19770428,-0.02664743,0.0
0.24217110,-0.02720860,0.0
0.28978011,-0.02746707,0.0
0.33996823,-0.02750361,0.0
0.39217269,-0.02738903,0.0
0.44576181,-0.02716174,0.0
0.50011323,-0.02688049,0.0
0.55460525,-0.02658404,0.0
0.60859585,-0.02632046,0.0
0.66146335,-0.02612851,0.0
0.71257537,-0.02606660,0.0
0.76132953,-0.02619415,0.0
0.80708313,-0.02657923,0.0
0.84920516,-0.02724027,0.0
0.88711598,-0.02815742,0.0
0.92024590,-0.02931120,0.0
0.94809830,-0.03059455,0.0
0.97024720,-0.03188284,0.0
0.98634690,-0.03304415,0.0
0.99613406,-0.03387938,0.0
0.99941495,-0.03420178,0.0
1.46174675,-0.40622477,0.0
1.45744304,-0.40011103,0.0
1.45309464,-0.39402935,0.0
1.44870183,-0.38797994,0.0
1.44426489,-0.38196301,0.0
1.43978409,-0.37597877,0.0
1.43525971,-0.37002744,0.0
1.43069203,-0.36410923,0.0
1.42608132,-0.35822435,0.0
1.42142785,-0.35237303,0.0
1.41673191,-0.34655546,0.0
1.41199377,-0.34077188,0.0
1.40721359,-0.33502263,0.0
1.40239139,-0.32930829,0.0
1.39752716,-0.32362944,0.0
1.39262092,-0.31798667,0.0
1.38767267,-0.31238055,0.0
1.38268240,-0.30681167,0.0
1.37765012,-0.30128061,0.0
1.37257583,-0.29578796,0.0
1.36745953,-0.29033430,0.0
1.36230123,-0.28492021,0.0
1.35710085,-0.27954639,0.0
1.35185811,-0.27421387,0.0
1.34657268,-0.26892374,0.0
1.34124424,-0.26367707,0.0
1.33587247,-0.25847495,0.0
1.33045704,-0.25331846,0.0
1.32499765,-0.24820869,0.0
1.31949396,-0.24314671,0.0
1.31394565,-0.23813360,0.0
1.30835241,-0.23317045,0.0
1.30271405,-0.22825828,0.0
1.29703073,-0.22339797,0.0
1.29130262,-0.21859038,0.0
1.28552990,-0.21383636,0.0
1.27971275,-0.20913679,0.0
1.27385137,-0.20449252,0.0
1.26794592,-0.19990442,0.0
1.26199660,-0.19537335,0.0
1.25600358,-0.19090017,0.0
1.24996705,-0.18648575,0.0
1.24388723,-0.18213100,0.0
1.23776440,-0.17783690,0.0
1.23159882,-0.17360443,0.0
1.22539075,-0.16943454,0.0
1.21914047,-0.16532822,0.0
1.21284824,-0.16128644,0.0
1.20651434,-0.15731016,0.0
1.20013902,-0.15340037,0.0
1.19372255,-0.14955803,0.0
1.18726524,-0.14578419,0.0
1.18076749,-0.14208006,0.0
1.17422975,-0.13844693,0.0
1.16765243,-0.13488607,0.0
1.16103597,-0.13139874,0.0
1.15438081,-0.12798624,0.0
1.14768737,-0.12464982,0.0
1.14095609,-0.12139077,0.0
1.13418739,-0.11821034,0.0
1.12738174,-0.11510981,0.0
1.12053975,-0.11209016,0.0
1.11366216,-0.10915226,0.0
1.10674971,-0.10629697,0.0
1.09980314,-0.10352513,0.0
1.09282318,-0.10083761,0.0
1.08581058,-0.09823527,0.0
1.07876607,-0.09571896,0.0
1.07169038,-0.09328953,0.0
1.06458426,-0.09094786,0.0
1.05744854,-0.08869545,0.0
1.05028419,-0.08653483,0.0
1.04309219,-0.08446863,0.0
1.03587354,-0.08249950,0.0
1.02862921,-0.08063005,0.0
1.02136021,-0.07886293,0.0
1.01406750,-0.07720075,0.0
1.00675209,-0.07564616,0.0
0.99941495,-0.07420178,0.0
0.99205709,-0.07287019,0.0
0.98467968,-0.07165352,0.0
0.97728394,-0.07055370,0.0
0.96987109,-0.06957268,0.0
0.96244236,-0.06871240,0.0
0.95499914,-0.06797618,0.0
0.94754369,-0.06737425,0.0
0.94007853,-0.06691896,0.0
0.93260618,-0.06662269,0.0
0.92512916,-0.06649780,0.0
0.91765066,-0.06655596,0.0
0.91017750,-0.06680515,0.0
0.90271765,-0.06725220,0.0
0.89527588,-0.06791307,0.0
0.88785141,-0.06881959,0.0
0.88044506,-0.07000603,0.0
0.87309557,-0.07152162,0.0
0.86587375,-0.07342819,0.0
0.85884359,-0.07579391,0.0
0.85195515,-0.07877306,0.0
0.84519816,-0.08258393,0.0
0.83924481,-0.08744016,0.0
0.83499907,-0.09355332,0.0
0.83325151,-0.10095347,0.0
0.83415782,-0.10865631,0.0
0.83763559,-0.11535061,0.0
0.84299901,-0.12059675,0.0
0.84913440,-0.12489748,0.0
0.85571344,-0.12848163,0.0
0.86255482,-0.13151692,0.0
0.86956237,-0.13412850,0.0
0.87668079,-0.13642036,0.0
0.88387205,-0.13846723,0.0
0.89111829,-0.14030916,0.0
0.89840489,-0.14198095,0.0
0.90572404,-0.14350676,0.0
0.91306932,-0.14490851,0.0
0.92043431,-0.14620814,0.0
0.92781263,-0.14742756,0.0
0.93519951,-0.14858460,0.0
0.94259340,-0.14968920,0.0
0.94999314,-0.15075035,0.0
0.95739754,-0.15177709,0.0
0.96480544,-0.15277838,0.0
0.97221579,-0.15376211,0.0
0.97962775,-0.15473460,0.0
0.98704047,-0.15570204,0.0
0.99445312,-0.15667063,0.0
1.00186487,-0.15764656,0.0
1.00927487,-0.15863604,0.0
1.01668229,-0.15964527,0.0
1.02408630,-0.16068044,0.0
1.03148605,-0.16174775,0.0
1.03888070,-0.16285331,0.0
1.04626931,-0.16400164,0.0
1.05365084,-0.16519604,0.0
1.06102425,-0.16643974,0.0
1.06838850,-0.16773599,0.0
1.07574257,-0.16908805,0.0
1.08308541,-0.17049915,0.0
1.09041599,-0.17197255,0.0
1.09773327,-0.17351148,0.0
1.10503622,-0.17511921,0.0
1.11232372,-0.17679880,0.0
1.11959432,-0.17855247,0.0
1.12684643,-0.18038217,0.0
1.13407850,-0.18228986,0.0
1.14128894,-0.18427749,0.0
1.14847618,-0.18634701,0.0
1.15563865,-0.18850038,0.0
1.16277477,-0.19073953,0.0
1.16988297,-0.19306643,0.0
1.17696168,-0.19548301,0.0
1.18400926,-0.19799048,0.0
1.19102406,-0.20058924,0.0
1.19800437,-0.20327966,0.0
1.20494854,-0.20606210,0.0
1.21185487,-0.20893691,0.0
1.21872169,-0.21190445,0.0
1.22554732,-0.21496508,0.0
1.23233007,-0.21811917,0.0
1.23906828,-0.22136706,0.0
1.24576044,-0.22470875,0.0
1.25240567,-0.22814303,0.0
1.25900317,-0.23166845,0.0
1.26555217,-0.23528356,0.0
1.27205190,-0.23898694,0.0
1.27850156,-0.24277713,0.0
1.28490039,-0.24665268,0.0
1.29124760,-0.25061217,0.0
1.29754241,-0.25465413,0.0
1.30378408,-0.25877713,0.0
1.30997213,-0.26297967,0.0
1.31610630,-0.26726021,0.0
1.32218631,-0.27161722,0.0
1.32821189,-0.27604918,0.0
1.33418278,-0.28055456,0.0
1.34009870,-0.28513182,0.0
1.34595937,-0.28977943,0.0
1.35176453,-0.29449586,0.0
1.35751391,-0.29927959,0.0
1.36320749,-0.30412893,0.0
1.36884608,-0.30904180,0.0
1.37443061,-0.31401599,0.0
1.37996202,-0.31904935,0.0
1.38544124,-0.32413967,0.0
1.39086923,-0.32928479,0.0
1.39624691,-0.33448252,0.0
1.40157522,-0.33973069,0.0
1.40685511,-0.34502710,0.0
1.41208751,-0.35036959,0.0
1.41727292,-0.35575661,0.0
1.42241093,-0.36118793,0.0
1.42750103,-0.36666349,0.0
1.43254270,-0.37218319,0.0
1.43753542,-0.37774699,0.0
1.44247868,-0.38335480,0.0
1.44737195,-0.38900655,0.0
1.45221474,-0.39470218,0.0
1.45700651,-0.40044161,0.0
1.46174675,-0.40622477,0.0
