Cd.csv: 0.8190520250308011
Cl.csv: 2.2747643108768103
CpT_both.csv: -0.5576497709056858
CpT_flap1.csv: -0.9057925132569785
CpT_flap2.csv: -0.5576497709056858
Cp_both.csv: -0.5576497938432757
