Cd.csv: 0.7598528462355165
Cl.csv: 2.160843159119482
CpT_both.csv: -0.514844052595953
CpT_flap1.csv: -0.8361751366857146
CpT_flap2.csv: -0.514844052595953
Cp_both.csv: -0.5148440752676445
