0.5745867753341156 0.15099544311672286 0.0
0.573733461036627 0.15038571090235212 0.0
0.5726485959101475 0.1496145613399691 0.0
0.5715622648291631 0.14884644008080578 0.0
0.5704744793920618 0.14808139032714662 0.0
0.5693852268908928 0.1473194460498746 0.0
0.5682945057460398 0.14656064857516066 0.0
0.5672023022930397 0.14580503443083592 0.0
0.5661086267638341 0.145052650471968 0.0
0.5650134402311082 0.14430352655193443 0.0
0.5639167524713217 0.14355771074339724 0.0
0.5628185236461953 0.14281523533492266 0.0
0.5617187251824294 0.14207613960508683 0.0
0.5606173542250579 0.14134046828932503 0.0
0.5595143443065036 0.14060825065453308 0.0
0.5584096907498721 0.13987953630652372 0.0
0.5573033518949558 0.1391543624042407 0.0
0.5561952603632132 0.13843276064976853 0.0
0.5550853970243957 0.13771478218207073 0.0
0.5539737066759056 0.13700046325805298 0.0
0.5528601318377346 0.1362898462225928 0.0
0.5517446154853567 0.13558297220297338 0.0
0.5506271001387635 0.13487988354407224 0.0
0.54950753821648 0.1341806332335599 0.0
0.5483858465201643 0.13348525815945475 0.0
0.5472619770128591 0.13279381252702166 0.0
0.5461358433078477 0.13210634174743957 0.0
0.5450073842812649 0.131422897906341 0.0
0.5438765117244657 0.13074353128528238 0.0
0.5427431622361742 0.13006830005786799 0.0
0.541607258872725 0.12939726149566416 0.0
0.5404687111480619 0.12873047196819917 0.0
0.5393274520170528 0.12806799938983227 0.0
0.538183389171713 0.1274099050004692 0.0
0.5370364415690382 0.12675625703002558 0.0
0.535886539431003 0.12610713069842688 0.0
0.5347335741743404 0.12546259364910703 0.0
0.5335774859195582 0.12482273174478445 0.0
0.5324181642614614 0.12418761749927057 0.0
0.5312555596745727 0.12355734620048242 0.0
0.53008957165223 0.12293200100502436 0.0
0.5289201104972685 0.122311673277105 0.0
0.5277471221293901 0.12169647048058506 0.0
0.5265705159404657 0.12108648641486186 0.0
0.525390210309935 0.12048182795731446 0.0
0.5242061362486636 0.11988260532254866 0.0
0.5230182346660504 0.11928893936796321 0.0
0.5218264329291038 0.11870095004891888 0.0
0.5206306710362584 0.11811876065800314 0.0
0.5194308736216302 0.117542498456143 0.0
0.5182270013916841 0.1169723055863231 0.0
0.5170190024214593 0.11640832085430143 0.0
0.5158068225085842 0.11585068915380776 0.0
0.5145904304361285 0.11529956814099723 0.0
0.5133697701797924 0.11475510757997712 0.0
0.5121448208766606 0.11421747455210116 0.0
0.5109155598418894 0.11368684100910055 0.0
0.5096819630241889 0.11316338255548965 0.0
0.5084440176372487 0.11264728178579263 0.0
0.5072017090728297 0.11213872616491115 0.0
0.5059550457081339 0.11163791592017223 0.0
0.5047040102020297 0.11114504582204374 0.0
0.5034486316397497 0.1106603349482499 0.0
0.5021889255641363 0.1101840014744769 0.0
0.5009249047851393 0.10971627088197716 0.0
0.4996566050981496 0.10925738141442844 0.0
0.49838406002114727 0.10880757740348035 0.0
0.4971073116041996 0.10836711747635855 0.0
0.49582641179590653 0.1079362709030817 0.0
0.4945414219879194 0.10751531881405577 0.0
0.49325238684112443 0.10710454996080931 0.0
0.4919593960763259 0.10670428105491031 0.0
0.4906625222280809 0.10631483764664368 0.0
0.48936183282064355 0.10593655867983237 0.0
0.4880574255293493 0.10556981380908388 0.0
0.4867493911973018 0.10521499095292124 0.0
0.48543782510035277 0.10487250328379283 0.0
0.48412283684563445 0.1045427998708654 0.0
0.4828045372846523 0.10422636356039168 0.0
0.48148303760232036 0.10392371341089905 0.0
0.4801584569380841 0.10363542142395445 0.0
0.47883092193043814 0.10336211376175863 0.0
0.4775005490751972 0.10310448080345755 0.0
0.4761674780649523 0.10286329933276626 0.0
0.47483184151591634 0.10263943925705346 0.0
0.4734937703116355 0.10243388642607817 0.0
0.47215339621380886 0.10224777275629252 0.0
0.47081084991828664 0.10208241853108835 0.0
0.4694662726534583 0.10193937560308172 0.0
0.46811977865508864 0.1018204980235125 0.0
0.4667715018129436 0.10172805109884575 0.0
0.4654215443501636 0.10166484487067003 0.0
0.46406999693877926 0.10163446232984256 0.0
0.4627169236121055 0.10164160770806838 0.0
0.4613623398745753 0.10169269928568589 0.0
0.46000618296101803 0.1017969172970011 0.0
0.4586482480891714 0.10196829259316803 0.0
0.4572880337993449 0.10223034988392149 0.0
0.4559243135282842 0.10262884044229954 0.0
0.4550262983695141 0.10300268875341967 0.0
0.45432296059969185 0.10344936268757368 0.0
0.45379524767960205 0.1039617350018587 0.0
0.45349453930328093 0.10455902599838422 0.0
0.4532623132071828 0.10518193509442801 0.0
0.4530855543424696 0.10582559357336319 0.0
0.4532647771295451 0.10660241909722917 0.0
0.4540162346713866 0.10759330799394468 0.0
0.4556317883289902 0.10890744123532975 0.0
0.4569129744230487 0.10965627904463662 0.0
0.45819478967331634 0.11027637391234682 0.0
0.459475903211135 0.11081375594060867 0.0
0.4607557110933389 0.1112922237978898 0.0
0.46203391060901144 0.11172607011813329 0.0
0.46331034151980977 0.11212473570083992 0.0
0.46458492900478277 0.11249489512549941 0.0
0.4658576341315092 0.11284149447854015 0.0
0.46712846347453324 0.11316836011191475 0.0
0.46839743013135315 0.11347853660744268 0.0
0.4696645860138807 0.11377451954577653 0.0
0.4709299609359118 0.11405838123417812 0.0
0.47219361413905536 0.11433189269224978 0.0
0.47345559834062395 0.11459658265553914 0.0
0.47471596923680387 0.11485378637875777 0.0
0.4759747835131051 0.11510468805778724 0.0
0.477232102320597 0.11535034864055256 0.0
0.478487996255234 0.11559172961983441 0.0
0.47974251522134603 0.11582969938707532 0.0
0.48099572090021264 0.11606505774804408 0.0
0.4822476707298502 0.11629854164451107 0.0
0.48349841534520277 0.11653083199712858 0.0
0.4847480082124952 0.11676256505442853 0.0
0.48599650400771716 0.11699433672745847 0.0
0.4872439446697647 0.11722670276896727 0.0
0.48849037025548603 0.11746018685924998 0.0
0.48973583093343215 0.11769528564800669 0.0
0.49098034703991034 0.11793246422183684 0.0
0.49222394874964115 0.11817216136730158 0.0
0.4934666834235924 0.11841480703224512 0.0
0.49470855746215286 0.1186607922461229 0.0
0.4959495949074405 0.11891049798207907 0.0
0.49718981309141486 0.11916428604730425 0.0
0.4984292230913593 0.11942249786544114 0.0
0.4996678279079525 0.11968545934696198 0.0
0.5009056355521764 0.11995348300880099 0.0
0.5021426346934289 0.12022685886471209 0.0
0.5033788176449647 0.12050586718769421 0.0
0.5046141934508034 0.12079078062962378 0.0
0.5058487256395644 0.12108184509993213 0.0
0.5070824075575402 0.1213793010065604 0.0
0.5083152104765463 0.12168337355983568 0.0
0.5095471106787014 0.12199427457654698 0.0
0.5107780759140376 0.12231220157790723 0.0
0.5120080762099973 0.12263734599715755 0.0
0.5132370866043265 0.122969885874001 0.0
0.5144650487953146 0.12330997706051668 0.0
0.5156919329324776 0.12365777356007661 0.0
0.5169176870908547 0.12401341417843877 0.0
0.5181422639003059 0.1243770255454174 0.0
0.5193656318104923 0.12474872910489296 0.0
0.5205877259316185 0.12512862411312192 0.0
0.5218084971936894 0.125516804640427 0.0
0.5230278875391416 0.12591335167914913 0.0
0.5242458551856939 0.12631833981810112 0.0
0.5254623489080144 0.1267318317857084 0.0
0.5266773098596484 0.12715387357963162 0.0
0.5278906697510904 0.1275844993371441 0.0
0.5291024009200049 0.12802374590163323 0.0
0.5303124419091181 0.12847162914645677 0.0
0.5315207236400333 0.1289281482142077 0.0
0.5327272284710218 0.12939331316119732 0.0
0.5339318810690107 0.12986710274647068 0.0
0.5351346593595233 0.1303495017724137 0.0
0.5363354948417187 0.13084047073415592 0.0
0.5375343605528902 0.13133997039775222 0.0
0.5387312187208337 0.13184795332165328 0.0
0.5399260239522228 0.13236435533354493 0.0
0.5411187593049571 0.13288911041240595 0.0
0.5423093848514957 0.13342213977478978 0.0
0.5434978783060261 0.13396335458093858 0.0
0.5446842313806086 0.13451266567553813 0.0
0.5458684150792724 0.13506996505287705 0.0
0.5470504284017914 0.13563514407613123 0.0
0.5482302487289448 0.1362080776932681 0.0
0.5494078931577172 0.13678864599355797 0.0
0.5505833454456376 0.13737670687864714 0.0
0.5517566290664403 0.13797212339148468 0.0
0.5529277580508088 0.13857474671463238 0.0
0.5540967505287657 0.13918441707230267 0.0
0.5552636264522619 0.1398009698183306 0.0
0.5564284089616232 0.14042423178339053 0.0
0.557591160913381 0.14105403493945973 0.0
0.558751899193185 0.14169018573366465 0.0
0.5599106682269469 0.1423324911996135 0.0
0.5610675517013021 0.14298076472981164 0.0
0.562222574700578 0.14363479085468694 0.0
0.5633758263771956 0.14429436835561238 0.0
0.564527374720063 0.14495927838115802 0.0
0.5656772778195551 0.14562929143710104 0.0
0.5668256452027146 0.1463041889429369 0.0
0.5679725404257018 0.1469837267933103 0.0
0.5691180787546338 0.14766767106602766 0.0
0.5702623534266993 0.14835577251952187 0.0
0.5714054727245674 0.14904777879620243 0.0
0.572547535487857 0.1497434256780915 0.0
0.5736886674587736 0.15044245123832503 0.0
0.5745867753341156 0.15099544311672286 0.0
