0.47967108834109773 0.08756062949830652 0.0
0.4786673032577131 0.08739266525694993 0.0
0.4756899138533911 0.08685209990934535 0.0
0.470811903248338 0.08589148807463286 0.0
0.4641493184153175 0.08449768516790435 0.0
0.4558360402136805 0.0826841163707013 0.0
0.44602462076466565 0.08047479855845871 0.0
0.43486997042872255 0.07790989415422761 0.0
0.42255172710709077 0.07504688345409494 0.0
0.40924885880077 0.07195602921219249 0.0
0.3951428592250312 0.06872054411575688 0.0
0.3804047978763118 0.06543911649940089 0.0
0.36519010112861316 0.06220320609341495 0.0
0.3496585632958676 0.05908207080157101 0.0
0.3339730068314588 0.05614833161721218 0.0
0.3182959192386503 0.053481000762704 0.0
0.30278406669192337 0.05114597305224722 0.0
0.287578404768263 0.049205110310231455 0.0
0.27282291718410545 0.04772363745061754 0.0
0.2586361902148573 0.04676224397237527 0.0
0.24510518894093286 0.04637355339485222 0.0
0.23228137814463157 0.04655385408998561 0.0
0.2202463229393335 0.04727537678916273 0.0
0.20907350887042495 0.04848108926798999 0.0
0.19886551696401317 0.0501090753485912 0.0
0.1897180345920029 0.05210667074650383 0.0
0.1817169948077054 0.05442390436659666 0.0
0.17492646378803328 0.057000045944784944 0.0
0.16941992707837278 0.05977806325667513 0.0
0.16523068062431592 0.06273406613677726 0.0
0.1623183401742651 0.06578262395696008 0.0
0.16062955795514627 0.06877994765259057 0.0
0.16012727203981805 0.07145492600376706 0.0
0.16117805919154038 0.07347749181030469 0.0
0.16407644554726827 0.07497523423573386 0.0
0.16873518542995394 0.07614545759282164 0.0
0.1751403104677611 0.07694897713213354 0.0
0.18331924139081082 0.0774128650452991 0.0
0.19324811521035645 0.07762559368827245 0.0
0.20482200624945116 0.07769381784208682 0.0
0.2178769469060347 0.07768905411652367 0.0
0.2322471137640156 0.07765708673021483 0.0
0.24774464905584373 0.07763613634734984 0.0
0.26416958245616395 0.07765097127383343 0.0
0.2813120218459677 0.07773224861941287 0.0
0.2989565212525238 0.0778943124711594 0.0
0.3168780478595673 0.07815100449096431 0.0
0.3348550994154646 0.07850994258675643 0.0
0.35265355868559717 0.0789748791517135 0.0
0.37005562145802234 0.0795440127252907 0.0
0.38683725976683525 0.08021201128231203 0.0
0.4027877305293558 0.08096462585430779 0.0
0.41769612318784344 0.08179080308731944 0.0
0.43137759452582813 0.08267124258433466 0.0
0.4436506644164103 0.08358361580888986 0.0
0.4543501657553667 0.08450004037079895 0.0
0.4633265745609102 0.08539986248419813 0.0
0.470428678512282 0.08623350035756269 0.0
0.47555151116742056 0.08692495631960666 0.0
0.47864157086656334 0.08739452107098132 0.0
0.47967108834109773 0.08756062949830652 0.0
