Force Coefficients for group 1 --> /home/liukushka/Desktop/Università/Magistrale/ProgettoAerodinamico/progettoAerodinamico/CAD/FW_Mark6_DegenGeom 

   Time        Cx         Cy         Cz        Cxo        Cyo        Czo        Cxi        Cyi        Czi        Cmx        Cmy        Cmz        Cmxo       Cmyo       Cmzo       Cmxi       Cmyi       Cmzi        CL         CD         CS        CLo        CDo        CSo        CLi        CDi        CSi 
   1.00000    0.05950   -0.14195   -0.49784    0.01183    0.00212    0.00150    0.04767   -0.14408   -0.49934   -0.15996   -0.13817   -0.20325    0.00069   -0.00808   -0.00342   -0.16065   -0.13009   -0.19983   -0.49784    0.05950   -0.14195    0.00150    0.01183    0.00212   -0.49934    0.04767   -0.14408 
   2.00000    0.08997   -0.05948   -0.74536    0.01378    0.00189    0.00223    0.07618   -0.06137   -0.74758   -0.20959    0.01301   -0.19967    0.00081   -0.00976   -0.00378   -0.21040    0.02277   -0.19589   -0.74536    0.08997   -0.05948    0.00223    0.01378    0.00189   -0.74758    0.07618   -0.06137 
   3.00000    0.10126   -0.06848   -0.74766    0.01398    0.00190    0.00243    0.08727   -0.07038   -0.75009   -0.20302   -0.00873   -0.20243    0.00086   -0.01001   -0.00375   -0.20388    0.00128   -0.19868   -0.74766    0.10126   -0.06848    0.00243    0.01398    0.00190   -0.75009    0.08727   -0.07038 
   4.00000    0.08811   -0.13071   -0.69653    0.01403    0.00168    0.00222    0.07409   -0.13239   -0.69876   -0.19515    0.03401   -0.19808    0.00071   -0.00996   -0.00377   -0.19586    0.04397   -0.19431   -0.69653    0.08811   -0.13071    0.00222    0.01403    0.00168   -0.69876    0.07409   -0.13239 
   5.00000    0.24959   -0.08429   -0.81433    0.01539    0.00288    0.00235    0.23420   -0.08717   -0.81668   -0.23263   -0.07393   -0.28409    0.00095   -0.01091   -0.00427   -0.23358   -0.06302   -0.27982   -0.81433    0.24959   -0.08429    0.00235    0.01539    0.00288   -0.81668    0.23420   -0.08717 
   6.00000    0.08575   -0.17009   -0.79873    0.01433    0.00173    0.00214    0.07142   -0.17182   -0.80087   -0.22679   -0.10811   -0.23859    0.00066   -0.01015   -0.00389   -0.22745   -0.09797   -0.23470   -0.79873    0.08575   -0.17009    0.00214    0.01433    0.00173   -0.80087    0.07142   -0.17182 
   7.00000    0.12848   -0.20687   -0.87258    0.01476    0.00226    0.00232    0.11372   -0.20913   -0.87490   -0.28494    0.09201   -0.25513    0.00082   -0.01050   -0.00400   -0.28576    0.10250   -0.25113   -0.87258    0.12848   -0.20687    0.00232    0.01476    0.00226   -0.87490    0.11372   -0.20913 
   8.00000    0.10758   -0.19939   -0.80782    0.01464    0.00221    0.00223    0.09295   -0.20160   -0.81005   -0.25251    0.07723   -0.23830    0.00077   -0.01038   -0.00395   -0.25328    0.08761   -0.23434   -0.80782    0.10758   -0.19939    0.00223    0.01464    0.00221   -0.81005    0.09295   -0.20160 
   9.00000    0.10192   -0.14841   -0.79274    0.01437    0.00217    0.00258    0.08755   -0.15058   -0.79532   -0.23721    0.07108   -0.22951    0.00093   -0.01033   -0.00383   -0.23814    0.08141   -0.22568   -0.79274    0.10192   -0.14841    0.00258    0.01437    0.00217   -0.79532    0.08755   -0.15058 
  10.00000    0.02845   -0.16309   -0.57746    0.01561    0.00234    0.00260    0.01284   -0.16543   -0.58006   -0.12740   -0.09127   -0.20408    0.00099   -0.01107   -0.00440   -0.12839   -0.08020   -0.19968   -0.57746    0.02845   -0.16309    0.00260    0.01561    0.00234   -0.58006    0.01284   -0.16543 
  11.00000    0.56761   -0.05203   -0.65897    0.01464    0.00163    0.00238    0.55297   -0.05365   -0.66135   -0.16359   -0.24268   -0.38279    0.00076   -0.01043   -0.00405   -0.16435   -0.23225   -0.37873   -0.65897    0.56761   -0.05203    0.00238    0.01464    0.00163   -0.66135    0.55297   -0.05365 
  12.00000    0.08746   -0.12944   -0.71806    0.01421    0.00207    0.00240    0.07325   -0.13151   -0.72046   -0.19964    0.03720   -0.23413    0.00083   -0.01014   -0.00376   -0.20047    0.04734   -0.23037   -0.71806    0.08746   -0.12944    0.00240    0.01421    0.00207   -0.72046    0.07325   -0.13151 
  13.00000    0.09085   -0.18124   -0.72010    0.01430    0.00200    0.00220    0.07655   -0.18324   -0.72230   -0.21042    0.05043   -0.24342    0.00072   -0.01015   -0.00383   -0.21114    0.06058   -0.23959   -0.72010    0.09085   -0.18124    0.00220    0.01430    0.00200   -0.72230    0.07655   -0.18324 
  14.00000    0.09926   -0.18770   -0.73598    0.01438    0.00203    0.00216    0.08488   -0.18973   -0.73814   -0.22374    0.05787   -0.26376    0.00070   -0.01018   -0.00387   -0.22445    0.06806   -0.25989   -0.73598    0.09926   -0.18770    0.00216    0.01438    0.00203   -0.73814    0.08488   -0.18973 
  15.00000    0.09895   -0.20145   -0.78093    0.01456    0.00216    0.00217    0.08439   -0.20361   -0.78309   -0.24946    0.12695   -0.25142    0.00073   -0.01030   -0.00392   -0.25019    0.13725   -0.24750   -0.78093    0.09895   -0.20145    0.00217    0.01456    0.00216   -0.78309    0.08439   -0.20361 
  16.00000    0.10113   -0.21515   -0.82681    0.01472    0.00211    0.00215    0.08641   -0.21726   -0.82896   -0.27442    0.19146   -0.23227    0.00071   -0.01042   -0.00400   -0.27513    0.20188   -0.22826   -0.82681    0.10113   -0.21515    0.00215    0.01472    0.00211   -0.82896    0.08641   -0.21726 
  17.00000    0.10412   -0.19858   -0.87253    0.01476    0.00210    0.00235    0.08936   -0.20068   -0.87488   -0.27040    0.08100   -0.23344    0.00081   -0.01052   -0.00400   -0.27121    0.09152   -0.22943   -0.87253    0.10412   -0.19858    0.00235    0.01476    0.00210   -0.87488    0.08936   -0.20068 
  18.00000    0.07491   -0.09348   -0.90379    0.01494    0.00252    0.00274    0.05996   -0.09600   -0.90654   -0.28393    0.19516   -0.19600    0.00106   -0.01077   -0.00402   -0.28500    0.20592   -0.19198   -0.90379    0.07491   -0.09348    0.00274    0.01494    0.00252   -0.90654    0.05996   -0.09600 
  19.00000    0.09047   -0.05827   -0.81561    0.01467    0.00236    0.00262    0.07580   -0.06063   -0.81824   -0.23685    0.14581   -0.18607    0.00098   -0.01055   -0.00393   -0.23783    0.15636   -0.18215   -0.81561    0.09047   -0.05827    0.00262    0.01467    0.00236   -0.81824    0.07580   -0.06063 
  20.00000    0.09705   -0.06315   -0.73406    0.01434    0.00207    0.00256    0.08271   -0.06522   -0.73663   -0.19938    0.09932   -0.18362    0.00091   -0.01031   -0.00381   -0.20029    0.10963   -0.17981   -0.73406    0.09705   -0.06315    0.00256    0.01434    0.00207   -0.73663    0.08271   -0.06522 
  21.00000    0.10912   -0.11465   -0.76429    0.01438    0.00220    0.00254    0.09474   -0.11685   -0.76684   -0.22315    0.09375   -0.20930    0.00091   -0.01035   -0.00379   -0.22407    0.10410   -0.20551   -0.76429    0.10912   -0.11465    0.00254    0.01438    0.00220   -0.76684    0.09474   -0.11685 
  22.00000    0.08059   -0.21036   -0.74673    0.01482    0.00200    0.00221    0.06577   -0.21236   -0.74894   -0.22906    0.07465   -0.23358    0.00072   -0.01052   -0.00403   -0.22978    0.08517   -0.22955   -0.74673    0.08059   -0.21036    0.00221    0.01482    0.00200   -0.74894    0.06577   -0.21236 
  23.00000    0.12570   -0.21800   -0.82928    0.01512    0.00224    0.00227    0.11057   -0.22024   -0.83155   -0.26432    0.10622   -0.25283    0.00078   -0.01067   -0.00414   -0.26510    0.11689   -0.24869   -0.82928    0.12570   -0.21800    0.00227    0.01512    0.00224   -0.83155    0.11057   -0.22024 
  24.00000    0.10567   -0.19791   -0.82294    0.01464    0.00207    0.00211    0.09103   -0.19998   -0.82506   -0.25839    0.09427   -0.23380    0.00069   -0.01036   -0.00394   -0.25908    0.10463   -0.22986   -0.82294    0.10567   -0.19791    0.00211    0.01464    0.00207   -0.82506    0.09103   -0.19998 
  25.00000    0.08800   -0.13800   -0.79827    0.01426    0.00209    0.00215    0.07374   -0.14009   -0.80042   -0.23236    0.10037   -0.19366    0.00071   -0.01013   -0.00376   -0.23307    0.11050   -0.18990   -0.79827    0.08800   -0.13800    0.00215    0.01426    0.00209   -0.80042    0.07374   -0.14009 


Average over last full revolution: 

  25.00000    0.08800   -0.13800   -0.79827    0.01426    0.00209    0.00215    0.07374   -0.14009   -0.80042   -0.23236    0.10037   -0.19366    0.00071   -0.01013   -0.00376   -0.23307    0.11050   -0.18990   -0.79827    0.08800   -0.13800    0.00215    0.01426    0.00209   -0.80042    0.07374   -0.14009 



Average loading for wing surface: 1 --> VSP Surface: 1 ... NOTE: values are per area! 

  Station     S       Chord     Area      V/Vref        Cx            Cy            Cz           Cxo           Cyo           Czo          Cxi            Cyi           Czi           Cl            Cd            Cs            Clo           Cdo           Cso           Cli           Cdi           Csi           Cmx           Cmy           Cmz          Cmxo          Cmyo          Cmzo          Cmxi          Cmyi          Cmzi 
        1   0.06063   0.31995   0.01495   1.07839  1.567104e-02 -8.744017e-05 -9.956218e-01  1.444470e-02 -9.317702e-05  7.420431e-04  1.226341e-03  5.736852e-06 -9.963639e-01 -9.956218e-01  1.567104e-02  1.445043e-02  7.420431e-04  1.444470e-02 -9.317702e-05 -9.963639e-01  1.226341e-03  5.736852e-06 -7.229892e-02 -6.027608e-02 -1.141281e-03 -1.206689e-05 -1.027387e-02 -1.055176e-03 -7.228686e-02 -5.000221e-02 -8.610438e-05 
        2   0.15506   0.31995   0.01495   1.07633  1.270363e-02 -7.630437e-05 -9.944046e-01  1.441753e-02 -9.145371e-05  7.647249e-04 -1.713905e-03  1.514933e-05 -9.951693e-01 -9.944046e-01  1.270363e-02  1.443268e-02  7.647249e-04  1.441753e-02 -9.145371e-05 -9.951693e-01 -1.713905e-03  1.514933e-05 -2.165005e-01 -5.863262e-02 -2.761022e-03  1.017681e-04 -1.025639e-02 -3.145223e-03 -2.166023e-01 -4.837623e-02  3.842006e-04 
        3   0.22265   0.31995   0.01495   1.07750  1.531189e-02 -7.265167e-05 -9.897195e-01  1.437454e-02 -1.638413e-04  7.734973e-04  9.373488e-04  9.118962e-05 -9.904929e-01 -9.897195e-01  1.531189e-02  1.446573e-02  7.734973e-04  1.437454e-02 -1.638413e-04 -9.904929e-01  9.373488e-04  9.118962e-05 -3.591174e-01 -6.378578e-02 -5.528144e-03  1.647194e-04 -1.022666e-02 -5.227317e-03 -3.592821e-01 -5.355912e-02 -3.008270e-04 
        4   0.29025   0.31995   0.01495   1.07710  1.226229e-02  1.989749e-04 -9.799433e-01  1.426721e-02 -1.576189e-04  7.690711e-04 -2.004922e-03  3.565937e-04 -9.807124e-01 -9.799433e-01  1.226229e-02  1.462380e-02  7.690711e-04  1.426721e-02 -1.576189e-04 -9.807124e-01 -2.004922e-03  3.565937e-04 -4.975676e-01 -6.213720e-02 -6.120052e-03  2.791160e-04 -1.015040e-02 -7.258237e-03 -4.978467e-01 -5.198680e-02  1.138186e-03 
        5   0.35784   0.31995   0.01495   1.07790  1.058606e-02  6.781329e-04 -9.632472e-01  1.409770e-02 -4.567774e-05  7.653800e-04 -3.511639e-03  7.238107e-04 -9.640126e-01 -9.632472e-01  1.058606e-02  1.482151e-02  7.653800e-04  1.409770e-02 -4.567774e-05 -9.640126e-01 -3.511639e-03  7.238107e-04 -6.285023e-01 -6.101193e-02 -6.679817e-03  4.674854e-04 -1.003022e-02 -9.209317e-03 -6.289698e-01 -5.098171e-02  2.529500e-03 
        6   0.42544   0.31995   0.01495   1.07771  1.449852e-02  1.443855e-03 -9.397225e-01  1.385838e-02 -4.049440e-05  7.525126e-04  6.401371e-04  1.484349e-03 -9.404750e-01 -9.397225e-01  1.449852e-02  1.534273e-02  7.525126e-04  1.385838e-02 -4.049440e-05 -9.404750e-01  6.401371e-04  1.484349e-03 -7.489177e-01 -6.387542e-02 -1.108107e-02  5.719476e-04 -9.859958e-03 -1.106365e-02 -7.494896e-01 -5.401547e-02 -1.741872e-05 
        7   0.49303   0.31995   0.01495   1.08441  1.017494e-02  2.398874e-03 -9.050720e-01  1.356240e-02  1.503145e-04  7.386967e-04 -3.387460e-03  2.248560e-03 -9.058107e-01 -9.050720e-01  1.017494e-02  1.581096e-02  7.386967e-04  1.356240e-02  1.503145e-04 -9.058107e-01 -3.387460e-03  2.248560e-03 -8.518635e-01 -5.651103e-02 -8.857482e-03  8.030780e-04 -9.649548e-03 -1.278089e-02 -8.526666e-01 -4.686148e-02  3.923406e-03 
        8   0.56063   0.31995   0.01495   1.08659  1.519656e-02  4.182674e-03 -8.549119e-01  1.311566e-02  1.410758e-04  7.122929e-04  2.080901e-03  4.041598e-03 -8.556242e-01 -8.549119e-01  1.519656e-02  1.715726e-02  7.122929e-04  1.311566e-02  1.410758e-04 -8.556242e-01  2.080901e-03  4.041598e-03 -9.271610e-01 -6.184668e-02 -1.508410e-02  8.750005e-04 -9.331538e-03 -1.426345e-02 -9.280360e-01 -5.251514e-02 -8.206507e-04 
        9   0.62823   0.31995   0.01495   1.09954  4.166581e-03  6.640718e-03 -7.709054e-01  1.251657e-02  3.182559e-04  6.794761e-04 -8.349993e-03  6.322462e-03 -7.715849e-01 -7.709054e-01  4.166581e-03  1.883904e-02  6.794761e-04  1.251657e-02  3.182559e-04 -7.715849e-01 -8.349993e-03  6.322462e-03 -9.457529e-01 -5.700006e-02 -2.637034e-03  1.063208e-03 -8.905277e-03 -1.541418e-02 -9.468161e-01 -4.809478e-02  1.277715e-02 
       10   0.69582   0.31995   0.01495   1.12531  1.758506e-03  1.792715e-02 -6.462134e-01  1.192033e-02  1.836275e-04  6.565704e-04 -1.016183e-02  1.774352e-02 -6.468699e-01 -6.462134e-01  1.758506e-03  2.966386e-02  6.565704e-04  1.192033e-02  1.836275e-04 -6.468699e-01 -1.016183e-02  1.774352e-02 -8.758367e-01 -6.785493e-02 -4.231897e-05  1.035005e-03 -8.481789e-03 -1.641883e-02 -8.768717e-01 -5.937314e-02  1.637651e-02 
       11   0.76342   0.31995   0.01495   1.14495 -3.411867e-02 -4.629127e-02 -3.732849e-01  1.083232e-02 -3.861314e-04  6.435042e-04 -4.495099e-02 -4.590514e-02 -3.739284e-01 -3.732849e-01 -3.411867e-02 -3.507281e-02  6.435042e-04  1.083232e-02 -3.861314e-04 -3.739284e-01 -4.495099e-02 -4.590514e-02 -5.985230e-01 -7.282531e-02  3.895175e-02  7.073682e-04 -7.711212e-03 -1.653444e-02 -5.992304e-01 -6.511409e-02  5.548620e-02 
       12   0.83101   0.31995   0.01495   1.08314 -2.403441e-02 -1.321611e-02 -3.985871e-01  1.002830e-02 -4.098306e-04  6.046901e-04 -3.406272e-02 -1.280628e-02 -3.991918e-01 -3.985871e-01 -2.403441e-02 -2.777978e-03  6.046901e-04  1.002830e-02 -4.098306e-04 -3.991918e-01 -3.406272e-02 -1.280628e-02 -6.806930e-01 -1.584110e-01  4.864816e-02  7.192128e-04 -7.139539e-03 -1.676642e-02 -6.814122e-01 -1.512714e-01  6.541458e-02 
       13   0.89861   0.31995   0.01495   0.98384 -1.247913e+00 -1.253077e-01 -6.112118e-01  9.404013e-03  2.169859e-03  5.123833e-04 -1.257318e+00 -1.274775e-01 -6.117242e-01 -6.112118e-01 -1.247913e+00 -1.180735e-01  5.123833e-04  9.404013e-03  2.169859e-03 -6.117242e-01 -1.257318e+00 -1.274775e-01 -1.208282e+00  7.492933e-01  2.206690e+00  2.464203e-03 -6.690899e-03 -1.689183e-02 -1.210746e+00  7.559841e-01  2.223582e+00 
       14   0.96620   0.31995   0.01495   0.96613  2.331933e-02 -1.749109e-01 -8.061001e-01  1.180615e-02 -8.507902e-05  7.381574e-04  1.151318e-02 -1.748258e-01 -8.068383e-01 -8.061001e-01  2.331933e-02 -1.630197e-01  7.381574e-04  1.180615e-02 -8.507902e-05 -8.068383e-01  1.151318e-02 -1.748258e-01 -1.692702e+00 -1.182851e-02 -1.224842e-01  1.385876e-03 -8.407264e-03 -2.313481e-02 -1.694088e+00 -3.421251e-03 -9.934937e-02 



Average loading for wing surface: 2 --> VSP Surface: 2 ... NOTE: values are per area! 

  Station     S       Chord     Area      V/Vref        Cx            Cy            Cz           Cxo           Cyo           Czo          Cxi            Cyi           Czi           Cl            Cd            Cs            Clo           Cdo           Cso           Cli           Cdi           Csi           Cmx           Cmy           Cmz          Cmxo          Cmyo          Cmzo          Cmxi          Cmyi          Cmzi 
        1   0.03092   0.12926   0.00606   0.95567  4.513211e-01 -1.033610e-04 -1.588825e+00  2.491026e-02 -8.947181e-05  1.035924e-02  4.264108e-01 -1.388924e-05 -1.599185e+00 -1.588825e+00  4.513211e-01  2.489637e-02  1.035924e-02  2.491026e-02 -8.947181e-05 -1.599185e+00  4.264108e-01 -1.388924e-05 -2.854921e-01  1.837554e+00 -8.122773e-02  1.738185e-03 -5.151336e-02 -4.624629e-03 -2.872302e-01  1.889068e+00 -7.660311e-02 
        2   0.09793   0.12926   0.00606   0.95454  4.595998e-01 -3.801850e-05 -1.597897e+00  2.516722e-02 -1.820681e-05  1.048823e-02  4.344325e-01 -1.981169e-05 -1.608386e+00 -1.597897e+00  4.595998e-01  2.514740e-02  1.048823e-02  2.516722e-02 -1.820681e-05 -1.608386e+00  4.344325e-01 -1.981169e-05 -8.609994e-01  1.839597e+00 -2.476941e-01  5.626140e-03 -5.208204e-02 -1.359071e-02 -8.666255e-01  1.891679e+00 -2.341034e-01 
        3   0.17009   0.12926   0.00606   0.96082  4.544578e-01  6.479381e-05 -1.600312e+00  2.503408e-02  7.001628e-05  1.045621e-02  4.294237e-01 -5.222467e-06 -1.610769e+00 -1.600312e+00  4.544578e-01  2.502885e-02  1.045621e-02  2.503408e-02  7.001628e-05 -1.610769e+00  4.294237e-01 -5.222467e-06 -1.436986e+00  1.848576e+00 -4.079923e-01  9.485359e-03 -5.184606e-02 -2.236251e-02 -1.446471e+00  1.900422e+00 -3.856298e-01 
        4   0.24226   0.12926   0.00606   0.96109  4.510615e-01  2.734234e-04 -1.607202e+00  2.512997e-02  2.798734e-04  1.049966e-02  4.259316e-01 -6.450004e-06 -1.617702e+00 -1.607202e+00  4.510615e-01  2.512352e-02  1.049966e-02  2.512997e-02  2.798734e-04 -1.617702e+00  4.259316e-01 -6.450004e-06 -2.020195e+00  1.864134e+00 -5.666079e-01  1.358275e-02 -5.205039e-02 -3.112165e-02 -2.033778e+00  1.916184e+00 -5.354863e-01 
        5   0.31442   0.12926   0.00606   0.96713  4.459439e-01  1.031982e-03 -1.613207e+00  2.505958e-02  1.041453e-03  1.048352e-02  4.208843e-01 -9.470650e-06 -1.623691e+00 -1.613207e+00  4.459439e-01  2.505011e-02  1.048352e-02  2.505958e-02  1.041453e-03 -1.623691e+00  4.208843e-01 -9.470650e-06 -2.606167e+00  1.879670e+00 -7.190745e-01  1.836936e-02 -5.192695e-02 -3.875118e-02 -2.624537e+00  1.931597e+00 -6.803233e-01 
        6   0.38659   0.12926   0.00606   0.96670  4.493188e-01  1.525631e-03 -1.614432e+00  2.510586e-02  1.395456e-03  1.049564e-02  4.242129e-01  1.301757e-04 -1.624928e+00 -1.614432e+00  4.493188e-01  2.523604e-02  1.049564e-02  2.510586e-02  1.395456e-03 -1.624928e+00  4.242129e-01  1.301757e-04 -3.187205e+00  1.875353e+00 -8.850220e-01  2.264296e-02 -5.201066e-02 -4.724745e-02 -3.209848e+00  1.927363e+00 -8.377746e-01 
        7   0.45876   0.12926   0.00606   0.97411  4.323925e-01  3.046342e-03 -1.613930e+00  2.470936e-02  2.984489e-03  1.029893e-02  4.076831e-01  6.185305e-05 -1.624229e+00 -1.613930e+00  4.323925e-01  2.477122e-02  1.029893e-02  2.470936e-02  2.984489e-03 -1.624229e+00  4.076831e-01  6.185305e-05 -3.764372e+00  1.902144e+00 -1.004572e+00  2.812621e-02 -5.113709e-02 -5.266202e-02 -3.792498e+00  1.953281e+00 -9.519099e-01 
        8   0.53092   0.12926   0.00606   0.97668  4.538328e-01  3.563672e-03 -1.626355e+00  2.496825e-02  3.681485e-03  1.044924e-02  4.288646e-01 -1.178131e-04 -1.636804e+00 -1.626355e+00  4.538328e-01  2.485043e-02  1.044924e-02  2.496825e-02  3.681485e-03 -1.636804e+00  4.288646e-01 -1.178131e-04 -4.377045e+00  1.890226e+00 -1.216831e+00  3.318341e-02 -5.174430e-02 -6.106051e-02 -4.410228e+00  1.941970e+00 -1.155771e+00 
        9   0.60309   0.12926   0.00606   0.99138  4.454969e-01  7.728259e-03 -1.671195e+00  2.495524e-02  6.636136e-03  1.040643e-02  4.205417e-01  1.092122e-03 -1.681602e+00 -1.671195e+00  4.454969e-01  2.604736e-02  1.040643e-02  2.495524e-02  6.636136e-03 -1.681602e+00  4.205417e-01  1.092122e-03 -5.094573e+00  1.971978e+00 -1.348280e+00  4.084564e-02 -5.165439e-02 -6.501049e-02 -5.135418e+00  2.023633e+00 -1.283270e+00 
       10   0.67525   0.12926   0.00606   1.00011  4.949534e-01  1.190131e-02 -1.740849e+00  2.607813e-02  8.597963e-03  1.075496e-02  4.688753e-01  3.303350e-03 -1.751604e+00 -1.740849e+00  4.949534e-01  2.938148e-02  1.075496e-02  2.607813e-02  8.597963e-03 -1.751604e+00  4.688753e-01  3.303350e-03 -5.925248e+00  1.997958e+00 -1.668981e+00  4.845512e-02 -5.377690e-02 -7.450025e-02 -5.973703e+00  2.051735e+00 -1.594480e+00 
       11   0.74742   0.12926   0.00606   1.04048  4.369428e-01  1.522860e-02 -1.772127e+00  2.399286e-02  1.243934e-02  9.905384e-03  4.129499e-01  2.789256e-03 -1.782033e+00 -1.772127e+00  4.369428e-01  2.678211e-02  9.905384e-03  2.399286e-02  1.243934e-02 -1.782033e+00  4.129499e-01  2.789256e-03 -6.656335e+00  2.121189e+00 -1.618645e+00  5.436595e-02 -4.949432e-02 -6.952962e-02 -6.710702e+00  2.170683e+00 -1.549115e+00 
       12   0.81959   0.12926   0.00606   1.05585  5.326285e-01  2.510102e-02 -1.763359e+00  2.415539e-02  1.280766e-02  9.983396e-03  5.084731e-01  1.229336e-02 -1.773343e+00 -1.763359e+00  5.326285e-01  3.644874e-02  9.983396e-03  2.415539e-02  1.280766e-02 -1.773343e+00  5.084731e-01  1.229336e-02 -7.261383e+00  1.964552e+00 -2.164201e+00  5.874976e-02 -4.984799e-02 -7.819854e-02 -7.320133e+00  2.014400e+00 -2.086003e+00 
       13   0.89175   0.12926   0.00606   1.08484  1.908553e-01  3.537033e-02 -1.644101e+00  1.840604e-02  1.403233e-02  7.134570e-03  1.724493e-01  2.133801e-02 -1.651236e+00 -1.644101e+00  1.908553e-01  3.974405e-02  7.134570e-03  1.840604e-02  1.403233e-02 -1.651236e+00  1.724493e-01  2.133801e-02 -7.315248e+00  2.201258e+00 -7.962570e-01  5.121896e-02 -3.718699e-02 -5.899699e-02 -7.366467e+00  2.238445e+00 -7.372600e-01 
       14   0.96392   0.12926   0.00606   0.93543  2.703403e-01  1.579796e-02 -1.454370e+00  2.054413e-02  6.128107e-03  8.819118e-03  2.497962e-01  9.669849e-03 -1.463189e+00 -1.454370e+00  2.703403e-01  3.021397e-02  8.819118e-03  2.054413e-02  6.128107e-03 -1.463189e+00  2.497962e-01  9.669849e-03 -7.034964e+00  1.840970e+00 -1.286985e+00  5.114377e-02 -4.294878e-02 -8.929570e-02 -7.086108e+00  1.883918e+00 -1.197689e+00 



Average loading for wing surface: 3 --> VSP Surface: 3 ... NOTE: values are per area! 

  Station     S       Chord     Area      V/Vref        Cx            Cy            Cz           Cxo           Cyo           Czo          Cxi            Cyi           Czi           Cl            Cd            Cs            Clo           Cdo           Cso           Cli           Cdi           Csi           Cmx           Cmy           Cmz          Cmxo          Cmyo          Cmzo          Cmxi          Cmyi          Cmzi 
        1   0.25097   0.48000   0.01440   1.10402 -1.967227e-01 -3.210515e-01  7.010751e-01  9.343765e-03 -4.690845e-04 -1.313696e-03 -2.060664e-01 -3.205825e-01  7.023888e-01  7.010751e-01 -1.967227e-01 -3.112387e-01 -1.313696e-03  9.343765e-03 -4.690845e-04  7.023888e-01 -2.060664e-01 -3.205825e-01  7.770371e-01  2.382965e-02  1.583296e-01 -2.033850e-03 -4.793611e-03 -1.275424e-02  7.790709e-01  2.862326e-02  1.710838e-01 
        2   0.56420   0.48000   0.01440   1.03964  6.819796e-02 -3.094630e-01 -7.872508e-01  7.976604e-03  1.011568e-03 -2.896736e-03  6.022135e-02 -3.104746e-01 -7.843540e-01 -7.872508e-01  6.819796e-02 -3.024980e-01 -2.896736e-03  7.976604e-03  1.011568e-03 -7.843540e-01  6.022135e-02 -3.104746e-01 -1.206431e+00  3.474720e-01 -2.613786e-01 -3.436232e-03 -3.210578e-03 -1.058335e-02 -1.202995e+00  3.506826e-01 -2.507952e-01 
        3   0.68871   0.48000   0.01440   0.97808  1.389776e-01 -2.970006e-02 -1.617512e+00  7.022982e-03 -4.187666e-04 -1.264611e-03  1.319546e-01 -2.928129e-02 -1.616247e+00 -1.617512e+00  1.389776e-01 -2.225831e-02 -1.264611e-03  7.022982e-03 -4.187666e-04 -1.616247e+00  1.319546e-01 -2.928129e-02 -2.213619e+00  4.584704e-01 -3.702913e-01 -1.887692e-03 -2.665291e-03 -9.600659e-03 -2.211732e+00  4.611357e-01 -3.606906e-01 
        4   0.81323   0.48000   0.01440   0.95844  4.835858e-03 -2.096151e-01 -3.784149e-02  5.573532e-03  1.503945e-03 -4.277516e-03 -7.376737e-04 -2.111190e-01 -3.356397e-02 -3.784149e-02  4.835858e-03 -2.055455e-01 -4.277516e-03  5.573532e-03  1.503945e-03 -3.356397e-02 -7.376737e-04 -2.111190e-01 -1.180697e-01  1.309392e-02 -2.961622e-01 -5.257262e-03 -1.060349e-03 -7.222937e-03 -1.128125e-01  1.415427e-02 -2.889393e-01 
        5   0.93774   0.48000   0.01440   0.84143  1.263167e-02 -2.685836e-04  9.529857e-02  5.381074e-03  1.008802e-04 -6.420620e-04  7.250600e-03 -3.694637e-04  9.594063e-02  9.529857e-02  1.263167e-02  5.011610e-03 -6.420620e-04  5.381074e-03  1.008802e-04  9.594063e-02  7.250600e-03 -3.694637e-04  1.214525e-01 -4.302894e-02 -1.548874e-01 -8.398639e-04 -1.440081e-03 -7.265101e-03  1.222924e-01 -4.158886e-02 -1.476223e-01 



Average loading for wing surface: 4 --> VSP Surface: 4 ... NOTE: values are per area! 

  Station     S       Chord     Area      V/Vref        Cx            Cy            Cz           Cxo           Cyo           Czo          Cxi            Cyi           Czi           Cl            Cd            Cs            Clo           Cdo           Cso           Cli           Cdi           Csi           Cmx           Cmy           Cmz          Cmxo          Cmyo          Cmzo          Cmxi          Cmyi          Cmzi 
        1   0.09614   0.17920   0.00193   0.86719  8.329874e-02 -3.794470e-01 -5.470060e-02  7.906658e-03  1.432882e-03  1.698423e-04  7.539208e-02 -3.808799e-01 -5.487044e-02 -5.470060e-02  8.329874e-02 -3.729732e-01  1.698423e-04  7.906658e-03  1.432882e-03 -5.487044e-02  7.539208e-02 -3.808799e-01 -6.263801e-01 -9.838948e-02 -2.137510e-01  2.272241e-03 -9.927649e-03 -2.202448e-02 -6.286523e-01 -8.846183e-02 -1.917265e-01 
        2   0.21473   0.17920   0.00193   0.90261  7.087514e-02 -4.301003e-01 -6.601325e-02  8.626870e-03  1.524219e-03  1.067591e-04  6.224827e-02 -4.316245e-01 -6.612001e-02 -6.601325e-02  7.087514e-02 -4.229977e-01  1.067591e-04  8.626870e-03  1.524219e-03 -6.612001e-02  6.224827e-02 -4.316245e-01 -6.964759e-01 -7.803642e-02 -1.368718e-01  2.123591e-03 -1.033648e-02 -2.402504e-02 -6.985994e-01 -6.769994e-02 -1.128467e-01 
        3   0.25960   0.17920   0.00193   0.91273  3.764885e-02 -4.340597e-01 -1.599956e-02  8.737267e-03  1.557648e-03  1.702454e-06  2.891158e-02 -4.356174e-01 -1.600127e-02 -1.599956e-02  3.764885e-02 -4.268801e-01  1.702454e-06  8.737267e-03  1.557648e-03 -1.600127e-02  2.891158e-02 -4.356174e-01 -5.389138e-01 -4.174915e-02 -1.623680e-02  1.782298e-03 -9.970796e-03 -2.433449e-02 -5.406961e-01 -3.177835e-02  8.097683e-03 
        4   0.30447   0.17920   0.00193   0.91294  3.711350e-02 -4.511351e-01 -6.153962e-03  8.849978e-03  1.578469e-03 -1.361340e-05  2.826352e-02 -4.527136e-01 -6.140348e-03 -6.153962e-03  3.711350e-02 -4.438636e-01 -1.361340e-05  8.849978e-03  1.578469e-03 -6.140348e-03  2.826352e-02 -4.527136e-01 -5.051464e-01 -3.964892e-02  4.608968e-03  1.671073e-03 -9.581762e-03 -2.464851e-02 -5.068174e-01 -3.006716e-02  2.925748e-02 
        5   0.34934   0.17920   0.00193   0.92753  2.693330e-02 -4.670016e-01 -2.464034e-03  9.115076e-03  1.607742e-03 -3.770242e-05  1.781822e-02 -4.686093e-01 -2.426331e-03 -2.464034e-03  2.693330e-02 -4.594942e-01 -3.770242e-05  9.115076e-03  1.607742e-03 -2.426331e-03  1.781822e-02 -4.686093e-01 -4.848428e-01 -2.728601e-02  4.355112e-02  1.541845e-03 -9.336747e-03 -2.538426e-02 -4.863847e-01 -1.794926e-02  6.893537e-02 
        6   0.39422   0.17920   0.00193   0.92738  2.553531e-02 -4.818862e-01 -1.646936e-03  9.212331e-03  1.624217e-03 -3.498663e-05  1.632298e-02 -4.835104e-01 -1.611949e-03 -1.646936e-03  2.553531e-02 -4.742981e-01 -3.498663e-05  9.212331e-03  1.624217e-03 -1.611949e-03  1.632298e-02 -4.835104e-01 -4.695370e-01 -2.442892e-02  5.407033e-02  1.470796e-03 -8.894773e-03 -2.565500e-02 -4.710078e-01 -1.553415e-02  7.972533e-02 
        7   0.43909   0.17920   0.00193   0.93650  2.486422e-02 -4.942886e-01 -7.673747e-04  9.403431e-03  1.634867e-03 -2.413537e-05  1.546079e-02 -4.959235e-01 -7.432393e-04 -7.673747e-04  2.486422e-02 -4.865200e-01 -2.413537e-05  9.403431e-03  1.634867e-03 -7.432393e-04  1.546079e-02 -4.959235e-01 -4.500639e-01 -2.242782e-02  5.945969e-02  1.414982e-03 -8.525250e-03 -2.618388e-02 -4.514789e-01 -1.390257e-02  8.564357e-02 
        8   0.48396   0.17920   0.00193   0.93588  2.592679e-02 -5.009118e-01 -8.349241e-05  9.443595e-03  1.639479e-03 -2.232844e-05  1.648319e-02 -5.025513e-01 -6.116397e-05 -8.349241e-05  2.592679e-02 -4.931077e-01 -2.232844e-05  9.443595e-03  1.639479e-03 -6.116397e-05  1.648319e-02 -5.025513e-01 -4.247602e-01 -2.197358e-02  5.837273e-02  1.327843e-03 -8.006658e-03 -2.629538e-02 -4.260880e-01 -1.396692e-02  8.466811e-02 
        9   0.52884   0.17920   0.00193   0.94295  2.448292e-02 -5.019706e-01  3.495689e-04  9.532639e-03  1.634905e-03  5.272577e-06  1.495028e-02 -5.036056e-01  3.442963e-04  3.495689e-04  2.448292e-02 -4.940729e-01  5.272577e-06  9.532639e-03  1.634905e-03  3.442963e-04  1.495028e-02 -5.036056e-01 -3.949811e-01 -1.937256e-02  6.206804e-02  1.304096e-03 -7.518196e-03 -2.654044e-02 -3.962852e-01 -1.185436e-02  8.860847e-02 
       10   0.57371   0.17920   0.00193   0.94226  2.663857e-02 -4.990988e-01  7.596625e-04  9.507451e-03  1.628435e-03  6.956376e-06  1.713112e-02 -5.007272e-01  7.527062e-04  7.596625e-04  2.663857e-02 -4.912198e-01  6.956376e-06  9.507451e-03  1.628435e-03  7.527062e-04  1.713112e-02 -5.007272e-01 -3.622684e-01 -1.959333e-02  5.501646e-02  1.207982e-03 -6.939605e-03 -2.647000e-02 -3.634764e-01 -1.265373e-02  8.148646e-02 
       11   0.61858   0.17920   0.00193   0.94611  2.518216e-02 -4.876412e-01  1.265621e-03  9.476141e-03  1.604580e-03  2.787401e-05  1.570601e-02 -4.892458e-01  1.237747e-03  1.265621e-03  2.518216e-02 -4.797696e-01  2.787401e-05  9.476141e-03  1.604580e-03  1.237747e-03  1.570601e-02 -4.892458e-01 -3.238736e-01 -1.711098e-02  5.626418e-02  1.154035e-03 -6.357101e-03 -2.638017e-02 -3.250277e-01 -1.075388e-02  8.264436e-02 
       12   0.66345   0.17920   0.00193   0.94864  2.171489e-02 -4.757910e-01  1.588418e-03  9.426445e-03  1.588472e-03  3.845559e-05  1.228845e-02 -4.773795e-01  1.549963e-03  1.588418e-03  2.171489e-02 -4.679530e-01  3.845559e-05  9.426445e-03  1.588472e-03  1.549963e-03  1.228845e-02 -4.773795e-01 -2.870758e-01 -1.357036e-02  6.114029e-02  1.079113e-03 -5.768497e-03 -2.624072e-02 -2.881549e-01 -7.801865e-03  8.738101e-02 
       13   0.70833   0.17920   0.00193   0.94823  2.401835e-02 -4.493002e-01  2.137727e-03  9.259491e-03  1.547568e-03  3.583487e-05  1.475885e-02 -4.508478e-01  2.101892e-03  2.137727e-03  2.401835e-02 -4.415883e-01  3.583487e-05  9.259491e-03  1.547568e-03  2.101892e-03  1.475885e-02 -4.508478e-01 -2.429484e-01 -1.367509e-02  5.168462e-02  9.559193e-04 -5.122692e-03 -2.577413e-02 -2.439043e-01 -8.552394e-03  7.745875e-02 
       14   0.75320   0.17920   0.00193   0.95055  1.919904e-02 -4.302021e-01  2.617361e-03  9.172810e-03  1.519299e-03  4.447886e-05  1.002623e-02 -4.317214e-01  2.572882e-03  2.617361e-03  1.919904e-02 -4.225485e-01  4.447886e-05  9.172810e-03  1.519299e-03  2.572882e-03  1.002623e-02 -4.317214e-01 -2.057801e-01 -9.899715e-03  5.560913e-02  8.748714e-04 -4.534622e-03 -2.553087e-02 -2.066550e-01 -5.365093e-03  8.114000e-02 
       15   0.79807   0.17920   0.00193   0.94845  2.130383e-02 -3.957210e-01  2.966784e-03  8.956748e-03  1.473900e-03  2.850442e-05  1.234708e-02 -3.971949e-01  2.938280e-03  2.966784e-03  2.130383e-02 -3.882382e-01  2.850442e-05  8.956748e-03  1.473900e-03  2.938280e-03  1.234708e-02 -3.971949e-01 -1.645181e-01 -9.731912e-03  4.329333e-02  7.217356e-04 -3.903821e-03 -2.492812e-02 -1.652398e-01 -5.828091e-03  6.822145e-02 
       16   0.84295   0.17920   0.00193   0.94772  2.023590e-02 -3.630221e-01  5.014886e-03  8.781973e-03  1.419689e-03  2.104045e-05  1.145392e-02 -3.644418e-01  4.993846e-03  5.014886e-03  2.023590e-02 -3.556598e-01  2.104045e-05  8.781973e-03  1.419689e-03  4.993846e-03  1.145392e-02 -3.644418e-01 -1.233283e-01 -8.279728e-03  3.305970e-02  5.940911e-04 -3.312771e-03 -2.443804e-02 -1.239224e-01 -4.966957e-03  5.749774e-02 
       17   0.88782   0.17920   0.00193   0.94355  1.788670e-02 -3.186753e-01  9.441896e-03  8.520639e-03  1.359620e-03 -2.156543e-05  9.366062e-03 -3.200350e-01  9.463462e-03  9.441896e-03  1.788670e-02 -3.115143e-01 -2.156543e-05  8.520639e-03  1.359620e-03  9.463462e-03  9.366062e-03 -3.200350e-01 -7.576593e-02 -6.666697e-03  2.646093e-02  3.739723e-04 -2.719703e-03 -2.370825e-02 -7.613990e-02 -3.946994e-03  5.016919e-02 
       18   0.93269   0.17920   0.00193   0.93659  2.747994e-02 -2.784079e-01  3.156992e-02  8.269196e-03  1.281447e-03 -9.864827e-05  1.921075e-02 -2.796894e-01  3.166857e-02  3.156992e-02  2.747994e-02 -2.714202e-01 -9.864827e-05  8.269196e-03  1.281447e-03  3.166857e-02  1.921075e-02 -2.796894e-01  1.407677e-02 -1.061241e-02 -2.280678e-02  6.106212e-05 -2.164862e-03 -2.300316e-02  1.401571e-02 -8.447549e-03  1.963827e-04 
       19   0.97756   0.17920   0.00193   0.92069  2.797935e-02 -2.041513e-01  2.536174e-02  7.796962e-03  1.153610e-03 -1.983614e-04  2.018239e-02 -2.053049e-01  2.556010e-02  2.536174e-02  2.797935e-02 -1.975079e-01 -1.983614e-04  7.796962e-03  1.153610e-03  2.556010e-02  2.018239e-02 -2.053049e-01  2.767869e-02 -8.991055e-03 -4.663440e-02 -3.151130e-04 -1.598357e-03 -2.168166e-02  2.799380e-02 -7.392699e-03 -2.495275e-02 



Average loading for wing surface: 5 --> VSP Surface: 5 ... NOTE: values are per area! 

  Station     S       Chord     Area      V/Vref        Cx            Cy            Cz           Cxo           Cyo           Czo          Cxi            Cyi           Czi           Cl            Cd            Cs            Clo           Cdo           Cso           Cli           Cdi           Csi           Cmx           Cmy           Cmz          Cmxo          Cmyo          Cmzo          Cmxi          Cmyi          Cmzi 
        1   0.07213   0.12602   0.00134   0.79273  8.372739e-01 -1.123953e+00 -7.447065e-01  1.811327e-02  1.758040e-02 -3.519215e-03  8.191606e-01 -1.141534e+00 -7.411873e-01 -7.447065e-01  8.372739e-01 -1.123420e+00 -3.519215e-03  1.811327e-02  1.758040e-02 -7.411873e-01  8.191606e-01 -1.141534e+00 -5.353597e+00 -8.403648e-01 -4.529181e+00  1.621251e-02 -3.020362e-02 -6.743835e-02 -5.369809e+00 -8.101611e-01 -4.461743e+00 
        2   0.16803   0.12602   0.00134   0.79502  1.203714e+00 -1.373089e+00 -7.902260e-01  2.835890e-02  2.681314e-02  3.029121e-03  1.175356e+00 -1.399902e+00 -7.932551e-01 -7.902260e-01  1.203714e+00 -1.371543e+00  3.029121e-03  2.835890e-02  2.681314e-02 -7.932551e-01  1.175356e+00 -1.399902e+00 -5.916566e+00 -1.393265e+00 -6.224570e+00  5.887980e-02 -5.029556e-02 -1.060323e-01 -5.975446e+00 -1.342970e+00 -6.118538e+00 
        3   0.21557   0.12602   0.00134   0.80592  6.977014e-01 -1.130810e+00 -6.779815e-02  1.664868e-02  1.537705e-02 -1.339219e-03  6.810527e-01 -1.146187e+00 -6.645893e-02 -6.779815e-02  6.977014e-01 -1.129539e+00 -1.339219e-03  1.664868e-02  1.537705e-02 -6.645893e-02  6.810527e-01 -1.146187e+00 -2.138029e+00 -1.078925e+00 -3.581412e+00  1.914871e-02 -2.617357e-02 -6.247776e-02 -2.157178e+00 -1.052751e+00 -3.518934e+00 
        4   0.26311   0.12602   0.00134   0.80735  7.467377e-01 -1.106221e+00 -1.616938e-02  1.693691e-02  1.559860e-02 -9.719322e-04  7.298008e-01 -1.121819e+00 -1.519745e-02 -1.616938e-02  7.467377e-01 -1.104882e+00 -9.719322e-04  1.693691e-02  1.559860e-02 -1.519745e-02  7.298008e-01 -1.121819e+00 -1.774477e+00 -1.136524e+00 -3.718722e+00  1.979722e-02 -2.545782e-02 -6.358749e-02 -1.794275e+00 -1.111066e+00 -3.655134e+00 
        5   0.31066   0.12602   0.00134   0.81152  7.116156e-01 -1.140161e+00 -1.824767e-03  1.692661e-02  1.547930e-02 -1.051526e-03  6.946890e-01 -1.155640e+00 -7.732404e-04 -1.824767e-03  7.116156e-01 -1.138713e+00 -1.051526e-03  1.692661e-02  1.547930e-02 -7.732404e-04  6.946890e-01 -1.155640e+00 -1.667702e+00 -1.034620e+00 -3.569833e+00  1.797565e-02 -2.397801e-02 -6.361799e-02 -1.685678e+00 -1.010642e+00 -3.506215e+00 
        6   0.35820   0.12602   0.00134   0.81188  7.173392e-01 -1.137804e+00  9.177240e-05  1.697548e-02  1.551078e-02 -7.110192e-04  7.003637e-01 -1.153315e+00  8.027916e-04  9.177240e-05  7.173392e-01 -1.136339e+00 -7.110192e-04  1.697548e-02  1.551078e-02  8.027916e-04  7.003637e-01 -1.153315e+00 -1.560812e+00 -9.844906e-01 -3.588013e+00  1.820172e-02 -2.284560e-02 -6.380996e-02 -1.579013e+00 -9.616450e-01 -3.524203e+00 
        7   0.40574   0.12602   0.00134   0.80676  7.099864e-01 -1.132536e+00  1.958147e-03  1.693597e-02  1.543282e-02  5.071679e-04  6.930505e-01 -1.147969e+00  1.450979e-03  1.958147e-03  7.099864e-01 -1.131033e+00  5.071679e-04  1.693597e-02  1.543282e-02  1.450979e-03  6.930505e-01 -1.147969e+00 -1.450884e+00 -9.164175e-01 -3.552415e+00  2.208558e-02 -2.214374e-02 -6.368781e-02 -1.472970e+00 -8.942737e-01 -3.488727e+00 
        8   0.45328   0.12602   0.00134   0.80712  7.094203e-01 -1.114642e+00  2.521194e-03  1.667051e-02  1.518892e-02  8.721544e-04  6.927498e-01 -1.129831e+00  1.649039e-03  2.521194e-03  7.094203e-01 -1.113160e+00  8.721544e-04  1.667051e-02  1.518892e-02  1.649039e-03  6.927498e-01 -1.129831e+00 -1.332349e+00 -8.568502e-01 -3.538934e+00  2.208452e-02 -2.063900e-02 -6.269080e-02 -1.354433e+00 -8.362112e-01 -3.476243e+00 
        9   0.50082   0.12602   0.00134   0.81845  6.906198e-01 -1.106321e+00  3.718319e-03  1.604969e-02  1.464901e-02  2.112311e-03  6.745701e-01 -1.120970e+00  1.606008e-03  3.718319e-03  6.906198e-01 -1.104920e+00  2.112311e-03  1.604969e-02  1.464901e-02  1.606008e-03  6.745701e-01 -1.120970e+00 -1.224655e+00 -7.771814e-01 -3.455455e+00  2.558540e-02 -1.933106e-02 -6.033994e-02 -1.250241e+00 -7.578504e-01 -3.395115e+00 
       10   0.54836   0.12602   0.00134   0.81891  6.960395e-01 -1.079630e+00  3.824054e-03  1.573594e-02  1.436308e-02  2.427560e-03  6.803036e-01 -1.093993e+00  1.396494e-03  3.824054e-03  6.960395e-01 -1.078257e+00  2.427560e-03  1.573594e-02  1.436308e-02  1.396494e-03  6.803036e-01 -1.093993e+00 -1.104234e+00 -7.253007e-01 -3.462361e+00  2.543134e-02 -1.786325e-02 -5.916010e-02 -1.129666e+00 -7.074375e-01 -3.403201e+00 
       11   0.59590   0.12602   0.00134   0.83599  6.729323e-01 -1.066158e+00  5.350017e-03  1.491759e-02  1.368933e-02  3.320055e-03  6.580147e-01 -1.079847e+00  2.029962e-03  5.350017e-03  6.729323e-01 -1.064930e+00  3.320055e-03  1.491759e-02  1.368933e-02  2.029962e-03  6.580147e-01 -1.079847e+00 -9.944817e-01 -6.460294e-01 -3.358093e+00  2.745678e-02 -1.632964e-02 -5.603738e-02 -1.021938e+00 -6.296998e-01 -3.302055e+00 
       12   0.64344   0.12602   0.00134   0.84492  6.636385e-01 -1.050293e+00  6.200225e-03  1.448174e-02  1.326157e-02  3.647448e-03  6.491568e-01 -1.063554e+00  2.552777e-03  6.200225e-03  6.636385e-01 -1.049073e+00  3.647448e-03  1.448174e-02  1.326157e-02  2.552777e-03  6.491568e-01 -1.063554e+00 -8.878983e-01 -5.823283e-01 -3.312297e+00  2.735976e-02 -1.491011e-02 -5.441765e-02 -9.152581e-01 -5.674182e-01 -3.257879e+00 
       13   0.69098   0.12602   0.00134   0.85396  6.497772e-01 -1.015263e+00  7.442432e-03  1.379106e-02  1.263314e-02  3.906592e-03  6.359861e-01 -1.027896e+00  3.535840e-03  7.442432e-03  6.497772e-01 -1.014105e+00  3.906592e-03  1.379106e-02  1.263314e-02  3.535840e-03  6.359861e-01 -1.027896e+00 -7.673173e-01 -5.171336e-01 -3.230546e+00  2.688036e-02 -1.331974e-02 -5.181973e-02 -7.941976e-01 -5.038139e-01 -3.178727e+00 
       14   0.73852   0.12602   0.00134   0.86809  6.183345e-01 -9.923587e-01  8.699966e-03  1.304849e-02  1.194566e-02  4.234140e-03  6.052860e-01 -1.004304e+00  4.465826e-03  8.699966e-03  6.183345e-01 -9.912559e-01  4.234140e-03  1.304849e-02  1.194566e-02  4.465826e-03  6.052860e-01 -1.004304e+00 -6.605913e-01 -4.415073e-01 -3.086869e+00  2.676086e-02 -1.185130e-02 -4.903411e-02 -6.873521e-01 -4.296560e-01 -3.037835e+00 
       15   0.78607   0.12602   0.00134   0.86961  5.942242e-01 -9.235427e-01  1.087409e-02  1.210747e-02  1.107910e-02  4.203895e-03  5.821167e-01 -9.346218e-01  6.670196e-03  1.087409e-02  5.942242e-01 -9.225143e-01  4.203895e-03  1.210747e-02  1.107910e-02  6.670196e-03  5.821167e-01 -9.346218e-01 -5.256132e-01 -3.776187e-01 -2.935720e+00  2.509435e-02 -1.015852e-02 -4.550112e-02 -5.507076e-01 -3.674602e-01 -2.890219e+00 
       16   0.83361   0.12602   0.00134   0.86652  5.186983e-01 -8.377631e-01  2.059233e-02  1.065449e-02  9.779334e-03  4.037236e-03  5.080438e-01 -8.475425e-01  1.655509e-02  2.059233e-02  5.186983e-01 -8.368880e-01  4.037236e-03  1.065449e-02  9.779334e-03  1.655509e-02  5.080438e-01 -8.475425e-01 -3.586473e-01 -2.957875e-01 -2.558125e+00  2.274876e-02 -8.262175e-03 -4.002188e-02 -3.813960e-01 -2.875253e-01 -2.518104e+00 
       17   0.88115   0.12602   0.00134   0.86280  4.254622e-01 -6.970894e-01  4.965048e-02  8.900381e-03  8.175246e-03  3.392970e-03  4.165618e-01 -7.052646e-01  4.625751e-02  4.965048e-02  4.254622e-01 -6.963643e-01  3.392970e-03  8.900381e-03  8.175246e-03  4.625751e-02  4.165618e-01 -7.052646e-01 -9.541680e-02 -2.348536e-01 -2.078262e+00  1.841227e-02 -6.171342e-03 -3.342912e-02 -1.138291e-01 -2.286822e-01 -2.044833e+00 
       18   0.92869   0.12602   0.00134   0.82840  2.402434e-01 -4.570163e-01  2.186254e-01  6.357215e-03  5.794190e-03  2.371723e-03  2.338862e-01 -4.628104e-01  2.162537e-01  2.186254e-01  2.402434e-01 -4.564532e-01  2.371723e-03  6.357215e-03  5.794190e-03  2.162537e-01  2.338862e-01 -4.628104e-01  8.021380e-01 -2.678685e-01 -1.161779e+00  1.242249e-02 -3.844372e-03 -2.390558e-02  7.897155e-01 -2.640242e-01 -1.137873e+00 
       19   0.97623   0.12602   0.00134   0.79331  1.242569e-01 -3.263565e-01  1.840287e-01  5.147489e-03  4.641139e-03  1.936547e-03  1.191094e-01 -3.309976e-01  1.820922e-01  1.840287e-01  1.242569e-01 -3.258502e-01  1.936547e-03  5.147489e-03  4.641139e-03  1.820922e-01  1.191094e-01 -3.309976e-01  7.322243e-01 -1.777195e-01 -6.221370e-01  9.722229e-03 -2.693022e-03 -1.938832e-02  7.225021e-01 -1.750265e-01 -6.027486e-01 



Time history of loading for wing surface: 1 --> VSP Surface: 1 ... NOTE: values per area! 

  Station    Time       S       Chord     Area      V/Vref        Cx            Cy            Cz           Cxo           Cyo           Czo          Cxi            Cyi           Czi           Cl            Cd            Cs            Clo           Cdo           Cso           Cli           Cdi           Csi           Cmx           Cmy           Cmz          Cmxo          Cmyo          Cmzo          Cmxi          Cmyi          Cmzi 
        1   0.00000   0.06063   0.31995   0.01495   1.07839  1.567104e-02 -8.744017e-05 -9.956218e-01  1.444470e-02 -9.317702e-05  7.420431e-04  1.226341e-03  5.736852e-06 -9.963639e-01 -9.956218e-01  1.567104e-02  1.445043e-02  7.420431e-04  1.444470e-02 -9.317702e-05 -9.963639e-01  1.226341e-03  5.736852e-06 -7.229892e-02 -6.027608e-02 -1.141281e-03 -1.206689e-05 -1.027387e-02 -1.055176e-03 -7.228686e-02 -5.000221e-02 -8.610438e-05 
        2   0.00000   0.15506   0.31995   0.01495   1.07633  1.270363e-02 -7.630437e-05 -9.944046e-01  1.441753e-02 -9.145371e-05  7.647249e-04 -1.713905e-03  1.514933e-05 -9.951693e-01 -9.944046e-01  1.270363e-02  1.443268e-02  7.647249e-04  1.441753e-02 -9.145371e-05 -9.951693e-01 -1.713905e-03  1.514933e-05 -2.165005e-01 -5.863262e-02 -2.761022e-03  1.017681e-04 -1.025639e-02 -3.145223e-03 -2.166023e-01 -4.837623e-02  3.842006e-04 
        3   0.00000   0.22265   0.31995   0.01495   1.07750  1.531189e-02 -7.265167e-05 -9.897195e-01  1.437454e-02 -1.638413e-04  7.734973e-04  9.373488e-04  9.118962e-05 -9.904929e-01 -9.897195e-01  1.531189e-02  1.446573e-02  7.734973e-04  1.437454e-02 -1.638413e-04 -9.904929e-01  9.373488e-04  9.118962e-05 -3.591174e-01 -6.378578e-02 -5.528144e-03  1.647194e-04 -1.022666e-02 -5.227317e-03 -3.592821e-01 -5.355912e-02 -3.008270e-04 
        4   0.00000   0.29025   0.31995   0.01495   1.07710  1.226229e-02  1.989749e-04 -9.799433e-01  1.426721e-02 -1.576189e-04  7.690711e-04 -2.004922e-03  3.565937e-04 -9.807124e-01 -9.799433e-01  1.226229e-02  1.462380e-02  7.690711e-04  1.426721e-02 -1.576189e-04 -9.807124e-01 -2.004922e-03  3.565937e-04 -4.975676e-01 -6.213720e-02 -6.120052e-03  2.791160e-04 -1.015040e-02 -7.258237e-03 -4.978467e-01 -5.198680e-02  1.138186e-03 
        5   0.00000   0.35784   0.31995   0.01495   1.07790  1.058606e-02  6.781329e-04 -9.632472e-01  1.409770e-02 -4.567774e-05  7.653800e-04 -3.511639e-03  7.238107e-04 -9.640126e-01 -9.632472e-01  1.058606e-02  1.482151e-02  7.653800e-04  1.409770e-02 -4.567774e-05 -9.640126e-01 -3.511639e-03  7.238107e-04 -6.285023e-01 -6.101193e-02 -6.679817e-03  4.674854e-04 -1.003022e-02 -9.209317e-03 -6.289698e-01 -5.098171e-02  2.529500e-03 
        6   0.00000   0.42544   0.31995   0.01495   1.07771  1.449852e-02  1.443855e-03 -9.397225e-01  1.385838e-02 -4.049440e-05  7.525126e-04  6.401371e-04  1.484349e-03 -9.404750e-01 -9.397225e-01  1.449852e-02  1.534273e-02  7.525126e-04  1.385838e-02 -4.049440e-05 -9.404750e-01  6.401371e-04  1.484349e-03 -7.489177e-01 -6.387542e-02 -1.108107e-02  5.719476e-04 -9.859958e-03 -1.106365e-02 -7.494896e-01 -5.401547e-02 -1.741872e-05 
        7   0.00000   0.49303   0.31995   0.01495   1.08441  1.017494e-02  2.398874e-03 -9.050720e-01  1.356240e-02  1.503145e-04  7.386967e-04 -3.387460e-03  2.248560e-03 -9.058107e-01 -9.050720e-01  1.017494e-02  1.581096e-02  7.386967e-04  1.356240e-02  1.503145e-04 -9.058107e-01 -3.387460e-03  2.248560e-03 -8.518635e-01 -5.651103e-02 -8.857482e-03  8.030780e-04 -9.649548e-03 -1.278089e-02 -8.526666e-01 -4.686148e-02  3.923406e-03 
        8   0.00000   0.56063   0.31995   0.01495   1.08659  1.519656e-02  4.182674e-03 -8.549119e-01  1.311566e-02  1.410758e-04  7.122929e-04  2.080901e-03  4.041598e-03 -8.556242e-01 -8.549119e-01  1.519656e-02  1.715726e-02  7.122929e-04  1.311566e-02  1.410758e-04 -8.556242e-01  2.080901e-03  4.041598e-03 -9.271610e-01 -6.184668e-02 -1.508410e-02  8.750005e-04 -9.331538e-03 -1.426345e-02 -9.280360e-01 -5.251514e-02 -8.206507e-04 
        9   0.00000   0.62823   0.31995   0.01495   1.09954  4.166581e-03  6.640718e-03 -7.709054e-01  1.251657e-02  3.182559e-04  6.794761e-04 -8.349993e-03  6.322462e-03 -7.715849e-01 -7.709054e-01  4.166581e-03  1.883904e-02  6.794761e-04  1.251657e-02  3.182559e-04 -7.715849e-01 -8.349993e-03  6.322462e-03 -9.457529e-01 -5.700006e-02 -2.637034e-03  1.063208e-03 -8.905277e-03 -1.541418e-02 -9.468161e-01 -4.809478e-02  1.277715e-02 
       10   0.00000   0.69582   0.31995   0.01495   1.12531  1.758506e-03  1.792715e-02 -6.462134e-01  1.192033e-02  1.836275e-04  6.565704e-04 -1.016183e-02  1.774352e-02 -6.468699e-01 -6.462134e-01  1.758506e-03  2.966386e-02  6.565704e-04  1.192033e-02  1.836275e-04 -6.468699e-01 -1.016183e-02  1.774352e-02 -8.758367e-01 -6.785493e-02 -4.231897e-05  1.035005e-03 -8.481789e-03 -1.641883e-02 -8.768717e-01 -5.937314e-02  1.637651e-02 
       11   0.00000   0.76342   0.31995   0.01495   1.14495 -3.411867e-02 -4.629127e-02 -3.732849e-01  1.083232e-02 -3.861314e-04  6.435042e-04 -4.495099e-02 -4.590514e-02 -3.739284e-01 -3.732849e-01 -3.411867e-02 -3.507281e-02  6.435042e-04  1.083232e-02 -3.861314e-04 -3.739284e-01 -4.495099e-02 -4.590514e-02 -5.985230e-01 -7.282531e-02  3.895175e-02  7.073682e-04 -7.711212e-03 -1.653444e-02 -5.992304e-01 -6.511409e-02  5.548620e-02 
       12   0.00000   0.83101   0.31995   0.01495   1.08314 -2.403441e-02 -1.321611e-02 -3.985871e-01  1.002830e-02 -4.098306e-04  6.046901e-04 -3.406272e-02 -1.280628e-02 -3.991918e-01 -3.985871e-01 -2.403441e-02 -2.777978e-03  6.046901e-04  1.002830e-02 -4.098306e-04 -3.991918e-01 -3.406272e-02 -1.280628e-02 -6.806930e-01 -1.584110e-01  4.864816e-02  7.192128e-04 -7.139539e-03 -1.676642e-02 -6.814122e-01 -1.512714e-01  6.541458e-02 
       13   0.00000   0.89861   0.31995   0.01495   0.98384 -1.247913e+00 -1.253077e-01 -6.112118e-01  9.404013e-03  2.169859e-03  5.123833e-04 -1.257318e+00 -1.274775e-01 -6.117242e-01 -6.112118e-01 -1.247913e+00 -1.180735e-01  5.123833e-04  9.404013e-03  2.169859e-03 -6.117242e-01 -1.257318e+00 -1.274775e-01 -1.208282e+00  7.492933e-01  2.206690e+00  2.464203e-03 -6.690899e-03 -1.689183e-02 -1.210746e+00  7.559841e-01  2.223582e+00 
       14   0.00000   0.96620   0.31995   0.01495   0.96613  2.331933e-02 -1.749109e-01 -8.061001e-01  1.180615e-02 -8.507902e-05  7.381574e-04  1.151318e-02 -1.748258e-01 -8.068383e-01 -8.061001e-01  2.331933e-02 -1.630197e-01  7.381574e-04  1.180615e-02 -8.507902e-05 -8.068383e-01  1.151318e-02 -1.748258e-01 -1.692702e+00 -1.182851e-02 -1.224842e-01  1.385876e-03 -8.407264e-03 -2.313481e-02 -1.694088e+00 -3.421251e-03 -9.934937e-02 



Time history of loading for wing surface: 2 --> VSP Surface: 2 ... NOTE: values per area! 

  Station    Time       S       Chord     Area      V/Vref        Cx            Cy            Cz           Cxo           Cyo           Czo          Cxi            Cyi           Czi           Cl            Cd            Cs            Clo           Cdo           Cso           Cli           Cdi           Csi           Cmx           Cmy           Cmz          Cmxo          Cmyo          Cmzo          Cmxi          Cmyi          Cmzi 
        1   0.00000   0.03092   0.12926   0.00606   0.95567  4.513211e-01 -1.033610e-04 -1.588825e+00  2.491026e-02 -8.947181e-05  1.035924e-02  4.264108e-01 -1.388924e-05 -1.599185e+00 -1.588825e+00  4.513211e-01  2.489637e-02  1.035924e-02  2.491026e-02 -8.947181e-05 -1.599185e+00  4.264108e-01 -1.388924e-05 -2.854921e-01  1.837554e+00 -8.122773e-02  1.738185e-03 -5.151336e-02 -4.624629e-03 -2.872302e-01  1.889068e+00 -7.660311e-02 
        2   0.00000   0.09793   0.12926   0.00606   0.95454  4.595998e-01 -3.801850e-05 -1.597897e+00  2.516722e-02 -1.820681e-05  1.048823e-02  4.344325e-01 -1.981169e-05 -1.608386e+00 -1.597897e+00  4.595998e-01  2.514740e-02  1.048823e-02  2.516722e-02 -1.820681e-05 -1.608386e+00  4.344325e-01 -1.981169e-05 -8.609994e-01  1.839597e+00 -2.476941e-01  5.626140e-03 -5.208204e-02 -1.359071e-02 -8.666255e-01  1.891679e+00 -2.341034e-01 
        3   0.00000   0.17009   0.12926   0.00606   0.96082  4.544578e-01  6.479381e-05 -1.600312e+00  2.503408e-02  7.001628e-05  1.045621e-02  4.294237e-01 -5.222467e-06 -1.610769e+00 -1.600312e+00  4.544578e-01  2.502885e-02  1.045621e-02  2.503408e-02  7.001628e-05 -1.610769e+00  4.294237e-01 -5.222467e-06 -1.436986e+00  1.848576e+00 -4.079923e-01  9.485359e-03 -5.184606e-02 -2.236251e-02 -1.446471e+00  1.900422e+00 -3.856298e-01 
        4   0.00000   0.24226   0.12926   0.00606   0.96109  4.510615e-01  2.734234e-04 -1.607202e+00  2.512997e-02  2.798734e-04  1.049966e-02  4.259316e-01 -6.450004e-06 -1.617702e+00 -1.607202e+00  4.510615e-01  2.512352e-02  1.049966e-02  2.512997e-02  2.798734e-04 -1.617702e+00  4.259316e-01 -6.450004e-06 -2.020195e+00  1.864134e+00 -5.666079e-01  1.358275e-02 -5.205039e-02 -3.112165e-02 -2.033778e+00  1.916184e+00 -5.354863e-01 
        5   0.00000   0.31442   0.12926   0.00606   0.96713  4.459439e-01  1.031982e-03 -1.613207e+00  2.505958e-02  1.041453e-03  1.048352e-02  4.208843e-01 -9.470650e-06 -1.623691e+00 -1.613207e+00  4.459439e-01  2.505011e-02  1.048352e-02  2.505958e-02  1.041453e-03 -1.623691e+00  4.208843e-01 -9.470650e-06 -2.606167e+00  1.879670e+00 -7.190745e-01  1.836936e-02 -5.192695e-02 -3.875118e-02 -2.624537e+00  1.931597e+00 -6.803233e-01 
        6   0.00000   0.38659   0.12926   0.00606   0.96670  4.493188e-01  1.525631e-03 -1.614432e+00  2.510586e-02  1.395456e-03  1.049564e-02  4.242129e-01  1.301757e-04 -1.624928e+00 -1.614432e+00  4.493188e-01  2.523604e-02  1.049564e-02  2.510586e-02  1.395456e-03 -1.624928e+00  4.242129e-01  1.301757e-04 -3.187205e+00  1.875353e+00 -8.850220e-01  2.264296e-02 -5.201066e-02 -4.724745e-02 -3.209848e+00  1.927363e+00 -8.377746e-01 
        7   0.00000   0.45876   0.12926   0.00606   0.97411  4.323925e-01  3.046342e-03 -1.613930e+00  2.470936e-02  2.984489e-03  1.029893e-02  4.076831e-01  6.185305e-05 -1.624229e+00 -1.613930e+00  4.323925e-01  2.477122e-02  1.029893e-02  2.470936e-02  2.984489e-03 -1.624229e+00  4.076831e-01  6.185305e-05 -3.764372e+00  1.902144e+00 -1.004572e+00  2.812621e-02 -5.113709e-02 -5.266202e-02 -3.792498e+00  1.953281e+00 -9.519099e-01 
        8   0.00000   0.53092   0.12926   0.00606   0.97668  4.538328e-01  3.563672e-03 -1.626355e+00  2.496825e-02  3.681485e-03  1.044924e-02  4.288646e-01 -1.178131e-04 -1.636804e+00 -1.626355e+00  4.538328e-01  2.485043e-02  1.044924e-02  2.496825e-02  3.681485e-03 -1.636804e+00  4.288646e-01 -1.178131e-04 -4.377045e+00  1.890226e+00 -1.216831e+00  3.318341e-02 -5.174430e-02 -6.106051e-02 -4.410228e+00  1.941970e+00 -1.155771e+00 
        9   0.00000   0.60309   0.12926   0.00606   0.99138  4.454969e-01  7.728259e-03 -1.671195e+00  2.495524e-02  6.636136e-03  1.040643e-02  4.205417e-01  1.092122e-03 -1.681602e+00 -1.671195e+00  4.454969e-01  2.604736e-02  1.040643e-02  2.495524e-02  6.636136e-03 -1.681602e+00  4.205417e-01  1.092122e-03 -5.094573e+00  1.971978e+00 -1.348280e+00  4.084564e-02 -5.165439e-02 -6.501049e-02 -5.135418e+00  2.023633e+00 -1.283270e+00 
       10   0.00000   0.67525   0.12926   0.00606   1.00011  4.949534e-01  1.190131e-02 -1.740849e+00  2.607813e-02  8.597963e-03  1.075496e-02  4.688753e-01  3.303350e-03 -1.751604e+00 -1.740849e+00  4.949534e-01  2.938148e-02  1.075496e-02  2.607813e-02  8.597963e-03 -1.751604e+00  4.688753e-01  3.303350e-03 -5.925248e+00  1.997958e+00 -1.668981e+00  4.845512e-02 -5.377690e-02 -7.450025e-02 -5.973703e+00  2.051735e+00 -1.594480e+00 
       11   0.00000   0.74742   0.12926   0.00606   1.04048  4.369428e-01  1.522860e-02 -1.772127e+00  2.399286e-02  1.243934e-02  9.905384e-03  4.129499e-01  2.789256e-03 -1.782033e+00 -1.772127e+00  4.369428e-01  2.678211e-02  9.905384e-03  2.399286e-02  1.243934e-02 -1.782033e+00  4.129499e-01  2.789256e-03 -6.656335e+00  2.121189e+00 -1.618645e+00  5.436595e-02 -4.949432e-02 -6.952962e-02 -6.710702e+00  2.170683e+00 -1.549115e+00 
       12   0.00000   0.81959   0.12926   0.00606   1.05585  5.326285e-01  2.510102e-02 -1.763359e+00  2.415539e-02  1.280766e-02  9.983396e-03  5.084731e-01  1.229336e-02 -1.773343e+00 -1.763359e+00  5.326285e-01  3.644874e-02  9.983396e-03  2.415539e-02  1.280766e-02 -1.773343e+00  5.084731e-01  1.229336e-02 -7.261383e+00  1.964552e+00 -2.164201e+00  5.874976e-02 -4.984799e-02 -7.819854e-02 -7.320133e+00  2.014400e+00 -2.086003e+00 
       13   0.00000   0.89175   0.12926   0.00606   1.08484  1.908553e-01  3.537033e-02 -1.644101e+00  1.840604e-02  1.403233e-02  7.134570e-03  1.724493e-01  2.133801e-02 -1.651236e+00 -1.644101e+00  1.908553e-01  3.974405e-02  7.134570e-03  1.840604e-02  1.403233e-02 -1.651236e+00  1.724493e-01  2.133801e-02 -7.315248e+00  2.201258e+00 -7.962570e-01  5.121896e-02 -3.718699e-02 -5.899699e-02 -7.366467e+00  2.238445e+00 -7.372600e-01 
       14   0.00000   0.96392   0.12926   0.00606   0.93543  2.703403e-01  1.579796e-02 -1.454370e+00  2.054413e-02  6.128107e-03  8.819118e-03  2.497962e-01  9.669849e-03 -1.463189e+00 -1.454370e+00  2.703403e-01  3.021397e-02  8.819118e-03  2.054413e-02  6.128107e-03 -1.463189e+00  2.497962e-01  9.669849e-03 -7.034964e+00  1.840970e+00 -1.286985e+00  5.114377e-02 -4.294878e-02 -8.929570e-02 -7.086108e+00  1.883918e+00 -1.197689e+00 



Time history of loading for wing surface: 3 --> VSP Surface: 3 ... NOTE: values per area! 

  Station    Time       S       Chord     Area      V/Vref        Cx            Cy            Cz           Cxo           Cyo           Czo          Cxi            Cyi           Czi           Cl            Cd            Cs            Clo           Cdo           Cso           Cli           Cdi           Csi           Cmx           Cmy           Cmz          Cmxo          Cmyo          Cmzo          Cmxi          Cmyi          Cmzi 
        1   0.00000   0.25097   0.48000   0.01440   1.10402 -1.967227e-01 -3.210515e-01  7.010751e-01  9.343765e-03 -4.690845e-04 -1.313696e-03 -2.060664e-01 -3.205825e-01  7.023888e-01  7.010751e-01 -1.967227e-01 -3.112387e-01 -1.313696e-03  9.343765e-03 -4.690845e-04  7.023888e-01 -2.060664e-01 -3.205825e-01  7.770371e-01  2.382965e-02  1.583296e-01 -2.033850e-03 -4.793611e-03 -1.275424e-02  7.790709e-01  2.862326e-02  1.710838e-01 
        2   0.00000   0.56420   0.48000   0.01440   1.03964  6.819796e-02 -3.094630e-01 -7.872508e-01  7.976604e-03  1.011568e-03 -2.896736e-03  6.022135e-02 -3.104746e-01 -7.843540e-01 -7.872508e-01  6.819796e-02 -3.024980e-01 -2.896736e-03  7.976604e-03  1.011568e-03 -7.843540e-01  6.022135e-02 -3.104746e-01 -1.206431e+00  3.474720e-01 -2.613786e-01 -3.436232e-03 -3.210578e-03 -1.058335e-02 -1.202995e+00  3.506826e-01 -2.507952e-01 
        3   0.00000   0.68871   0.48000   0.01440   0.97808  1.389776e-01 -2.970006e-02 -1.617512e+00  7.022982e-03 -4.187666e-04 -1.264611e-03  1.319546e-01 -2.928129e-02 -1.616247e+00 -1.617512e+00  1.389776e-01 -2.225831e-02 -1.264611e-03  7.022982e-03 -4.187666e-04 -1.616247e+00  1.319546e-01 -2.928129e-02 -2.213619e+00  4.584704e-01 -3.702913e-01 -1.887692e-03 -2.665291e-03 -9.600659e-03 -2.211732e+00  4.611357e-01 -3.606906e-01 
        4   0.00000   0.81323   0.48000   0.01440   0.95844  4.835858e-03 -2.096151e-01 -3.784149e-02  5.573532e-03  1.503945e-03 -4.277516e-03 -7.376737e-04 -2.111190e-01 -3.356397e-02 -3.784149e-02  4.835858e-03 -2.055455e-01 -4.277516e-03  5.573532e-03  1.503945e-03 -3.356397e-02 -7.376737e-04 -2.111190e-01 -1.180697e-01  1.309392e-02 -2.961622e-01 -5.257262e-03 -1.060349e-03 -7.222937e-03 -1.128125e-01  1.415427e-02 -2.889393e-01 
        5   0.00000   0.93774   0.48000   0.01440   0.84143  1.263167e-02 -2.685836e-04  9.529857e-02  5.381074e-03  1.008802e-04 -6.420620e-04  7.250600e-03 -3.694637e-04  9.594063e-02  9.529857e-02  1.263167e-02  5.011610e-03 -6.420620e-04  5.381074e-03  1.008802e-04  9.594063e-02  7.250600e-03 -3.694637e-04  1.214525e-01 -4.302894e-02 -1.548874e-01 -8.398639e-04 -1.440081e-03 -7.265101e-03  1.222924e-01 -4.158886e-02 -1.476223e-01 



Time history of loading for wing surface: 4 --> VSP Surface: 4 ... NOTE: values per area! 

  Station    Time       S       Chord     Area      V/Vref        Cx            Cy            Cz           Cxo           Cyo           Czo          Cxi            Cyi           Czi           Cl            Cd            Cs            Clo           Cdo           Cso           Cli           Cdi           Csi           Cmx           Cmy           Cmz          Cmxo          Cmyo          Cmzo          Cmxi          Cmyi          Cmzi 
        1   0.00000   0.09614   0.17920   0.00193   0.86719  8.329874e-02 -3.794470e-01 -5.470060e-02  7.906658e-03  1.432882e-03  1.698423e-04  7.539208e-02 -3.808799e-01 -5.487044e-02 -5.470060e-02  8.329874e-02 -3.729732e-01  1.698423e-04  7.906658e-03  1.432882e-03 -5.487044e-02  7.539208e-02 -3.808799e-01 -6.263801e-01 -9.838948e-02 -2.137510e-01  2.272241e-03 -9.927649e-03 -2.202448e-02 -6.286523e-01 -8.846183e-02 -1.917265e-01 
        2   0.00000   0.21473   0.17920   0.00193   0.90261  7.087514e-02 -4.301003e-01 -6.601325e-02  8.626870e-03  1.524219e-03  1.067591e-04  6.224827e-02 -4.316245e-01 -6.612001e-02 -6.601325e-02  7.087514e-02 -4.229977e-01  1.067591e-04  8.626870e-03  1.524219e-03 -6.612001e-02  6.224827e-02 -4.316245e-01 -6.964759e-01 -7.803642e-02 -1.368718e-01  2.123591e-03 -1.033648e-02 -2.402504e-02 -6.985994e-01 -6.769994e-02 -1.128467e-01 
        3   0.00000   0.25960   0.17920   0.00193   0.91273  3.764885e-02 -4.340597e-01 -1.599956e-02  8.737267e-03  1.557648e-03  1.702454e-06  2.891158e-02 -4.356174e-01 -1.600127e-02 -1.599956e-02  3.764885e-02 -4.268801e-01  1.702454e-06  8.737267e-03  1.557648e-03 -1.600127e-02  2.891158e-02 -4.356174e-01 -5.389138e-01 -4.174915e-02 -1.623680e-02  1.782298e-03 -9.970796e-03 -2.433449e-02 -5.406961e-01 -3.177835e-02  8.097683e-03 
        4   0.00000   0.30447   0.17920   0.00193   0.91294  3.711350e-02 -4.511351e-01 -6.153962e-03  8.849978e-03  1.578469e-03 -1.361340e-05  2.826352e-02 -4.527136e-01 -6.140348e-03 -6.153962e-03  3.711350e-02 -4.438636e-01 -1.361340e-05  8.849978e-03  1.578469e-03 -6.140348e-03  2.826352e-02 -4.527136e-01 -5.051464e-01 -3.964892e-02  4.608968e-03  1.671073e-03 -9.581762e-03 -2.464851e-02 -5.068174e-01 -3.006716e-02  2.925748e-02 
        5   0.00000   0.34934   0.17920   0.00193   0.92753  2.693330e-02 -4.670016e-01 -2.464034e-03  9.115076e-03  1.607742e-03 -3.770242e-05  1.781822e-02 -4.686093e-01 -2.426331e-03 -2.464034e-03  2.693330e-02 -4.594942e-01 -3.770242e-05  9.115076e-03  1.607742e-03 -2.426331e-03  1.781822e-02 -4.686093e-01 -4.848428e-01 -2.728601e-02  4.355112e-02  1.541845e-03 -9.336747e-03 -2.538426e-02 -4.863847e-01 -1.794926e-02  6.893537e-02 
        6   0.00000   0.39422   0.17920   0.00193   0.92738  2.553531e-02 -4.818862e-01 -1.646936e-03  9.212331e-03  1.624217e-03 -3.498663e-05  1.632298e-02 -4.835104e-01 -1.611949e-03 -1.646936e-03  2.553531e-02 -4.742981e-01 -3.498663e-05  9.212331e-03  1.624217e-03 -1.611949e-03  1.632298e-02 -4.835104e-01 -4.695370e-01 -2.442892e-02  5.407033e-02  1.470796e-03 -8.894773e-03 -2.565500e-02 -4.710078e-01 -1.553415e-02  7.972533e-02 
        7   0.00000   0.43909   0.17920   0.00193   0.93650  2.486422e-02 -4.942886e-01 -7.673747e-04  9.403431e-03  1.634867e-03 -2.413537e-05  1.546079e-02 -4.959235e-01 -7.432393e-04 -7.673747e-04  2.486422e-02 -4.865200e-01 -2.413537e-05  9.403431e-03  1.634867e-03 -7.432393e-04  1.546079e-02 -4.959235e-01 -4.500639e-01 -2.242782e-02  5.945969e-02  1.414982e-03 -8.525250e-03 -2.618388e-02 -4.514789e-01 -1.390257e-02  8.564357e-02 
        8   0.00000   0.48396   0.17920   0.00193   0.93588  2.592679e-02 -5.009118e-01 -8.349241e-05  9.443595e-03  1.639479e-03 -2.232844e-05  1.648319e-02 -5.025513e-01 -6.116397e-05 -8.349241e-05  2.592679e-02 -4.931077e-01 -2.232844e-05  9.443595e-03  1.639479e-03 -6.116397e-05  1.648319e-02 -5.025513e-01 -4.247602e-01 -2.197358e-02  5.837273e-02  1.327843e-03 -8.006658e-03 -2.629538e-02 -4.260880e-01 -1.396692e-02  8.466811e-02 
        9   0.00000   0.52884   0.17920   0.00193   0.94295  2.448292e-02 -5.019706e-01  3.495689e-04  9.532639e-03  1.634905e-03  5.272577e-06  1.495028e-02 -5.036056e-01  3.442963e-04  3.495689e-04  2.448292e-02 -4.940729e-01  5.272577e-06  9.532639e-03  1.634905e-03  3.442963e-04  1.495028e-02 -5.036056e-01 -3.949811e-01 -1.937256e-02  6.206804e-02  1.304096e-03 -7.518196e-03 -2.654044e-02 -3.962852e-01 -1.185436e-02  8.860847e-02 
       10   0.00000   0.57371   0.17920   0.00193   0.94226  2.663857e-02 -4.990988e-01  7.596625e-04  9.507451e-03  1.628435e-03  6.956376e-06  1.713112e-02 -5.007272e-01  7.527062e-04  7.596625e-04  2.663857e-02 -4.912198e-01  6.956376e-06  9.507451e-03  1.628435e-03  7.527062e-04  1.713112e-02 -5.007272e-01 -3.622684e-01 -1.959333e-02  5.501646e-02  1.207982e-03 -6.939605e-03 -2.647000e-02 -3.634764e-01 -1.265373e-02  8.148646e-02 
       11   0.00000   0.61858   0.17920   0.00193   0.94611  2.518216e-02 -4.876412e-01  1.265621e-03  9.476141e-03  1.604580e-03  2.787401e-05  1.570601e-02 -4.892458e-01  1.237747e-03  1.265621e-03  2.518216e-02 -4.797696e-01  2.787401e-05  9.476141e-03  1.604580e-03  1.237747e-03  1.570601e-02 -4.892458e-01 -3.238736e-01 -1.711098e-02  5.626418e-02  1.154035e-03 -6.357101e-03 -2.638017e-02 -3.250277e-01 -1.075388e-02  8.264436e-02 
       12   0.00000   0.66345   0.17920   0.00193   0.94864  2.171489e-02 -4.757910e-01  1.588418e-03  9.426445e-03  1.588472e-03  3.845559e-05  1.228845e-02 -4.773795e-01  1.549963e-03  1.588418e-03  2.171489e-02 -4.679530e-01  3.845559e-05  9.426445e-03  1.588472e-03  1.549963e-03  1.228845e-02 -4.773795e-01 -2.870758e-01 -1.357036e-02  6.114029e-02  1.079113e-03 -5.768497e-03 -2.624072e-02 -2.881549e-01 -7.801865e-03  8.738101e-02 
       13   0.00000   0.70833   0.17920   0.00193   0.94823  2.401835e-02 -4.493002e-01  2.137727e-03  9.259491e-03  1.547568e-03  3.583487e-05  1.475885e-02 -4.508478e-01  2.101892e-03  2.137727e-03  2.401835e-02 -4.415883e-01  3.583487e-05  9.259491e-03  1.547568e-03  2.101892e-03  1.475885e-02 -4.508478e-01 -2.429484e-01 -1.367509e-02  5.168462e-02  9.559193e-04 -5.122692e-03 -2.577413e-02 -2.439043e-01 -8.552394e-03  7.745875e-02 
       14   0.00000   0.75320   0.17920   0.00193   0.95055  1.919904e-02 -4.302021e-01  2.617361e-03  9.172810e-03  1.519299e-03  4.447886e-05  1.002623e-02 -4.317214e-01  2.572882e-03  2.617361e-03  1.919904e-02 -4.225485e-01  4.447886e-05  9.172810e-03  1.519299e-03  2.572882e-03  1.002623e-02 -4.317214e-01 -2.057801e-01 -9.899715e-03  5.560913e-02  8.748714e-04 -4.534622e-03 -2.553087e-02 -2.066550e-01 -5.365093e-03  8.114000e-02 
       15   0.00000   0.79807   0.17920   0.00193   0.94845  2.130383e-02 -3.957210e-01  2.966784e-03  8.956748e-03  1.473900e-03  2.850442e-05  1.234708e-02 -3.971949e-01  2.938280e-03  2.966784e-03  2.130383e-02 -3.882382e-01  2.850442e-05  8.956748e-03  1.473900e-03  2.938280e-03  1.234708e-02 -3.971949e-01 -1.645181e-01 -9.731912e-03  4.329333e-02  7.217356e-04 -3.903821e-03 -2.492812e-02 -1.652398e-01 -5.828091e-03  6.822145e-02 
       16   0.00000   0.84295   0.17920   0.00193   0.94772  2.023590e-02 -3.630221e-01  5.014886e-03  8.781973e-03  1.419689e-03  2.104045e-05  1.145392e-02 -3.644418e-01  4.993846e-03  5.014886e-03  2.023590e-02 -3.556598e-01  2.104045e-05  8.781973e-03  1.419689e-03  4.993846e-03  1.145392e-02 -3.644418e-01 -1.233283e-01 -8.279728e-03  3.305970e-02  5.940911e-04 -3.312771e-03 -2.443804e-02 -1.239224e-01 -4.966957e-03  5.749774e-02 
       17   0.00000   0.88782   0.17920   0.00193   0.94355  1.788670e-02 -3.186753e-01  9.441896e-03  8.520639e-03  1.359620e-03 -2.156543e-05  9.366062e-03 -3.200350e-01  9.463462e-03  9.441896e-03  1.788670e-02 -3.115143e-01 -2.156543e-05  8.520639e-03  1.359620e-03  9.463462e-03  9.366062e-03 -3.200350e-01 -7.576593e-02 -6.666697e-03  2.646093e-02  3.739723e-04 -2.719703e-03 -2.370825e-02 -7.613990e-02 -3.946994e-03  5.016919e-02 
       18   0.00000   0.93269   0.17920   0.00193   0.93659  2.747994e-02 -2.784079e-01  3.156992e-02  8.269196e-03  1.281447e-03 -9.864827e-05  1.921075e-02 -2.796894e-01  3.166857e-02  3.156992e-02  2.747994e-02 -2.714202e-01 -9.864827e-05  8.269196e-03  1.281447e-03  3.166857e-02  1.921075e-02 -2.796894e-01  1.407677e-02 -1.061241e-02 -2.280678e-02  6.106212e-05 -2.164862e-03 -2.300316e-02  1.401571e-02 -8.447549e-03  1.963827e-04 
       19   0.00000   0.97756   0.17920   0.00193   0.92069  2.797935e-02 -2.041513e-01  2.536174e-02  7.796962e-03  1.153610e-03 -1.983614e-04  2.018239e-02 -2.053049e-01  2.556010e-02  2.536174e-02  2.797935e-02 -1.975079e-01 -1.983614e-04  7.796962e-03  1.153610e-03  2.556010e-02  2.018239e-02 -2.053049e-01  2.767869e-02 -8.991055e-03 -4.663440e-02 -3.151130e-04 -1.598357e-03 -2.168166e-02  2.799380e-02 -7.392699e-03 -2.495275e-02 



Time history of loading for wing surface: 5 --> VSP Surface: 5 ... NOTE: values per area! 

  Station    Time       S       Chord     Area      V/Vref        Cx            Cy            Cz           Cxo           Cyo           Czo          Cxi            Cyi           Czi           Cl            Cd            Cs            Clo           Cdo           Cso           Cli           Cdi           Csi           Cmx           Cmy           Cmz          Cmxo          Cmyo          Cmzo          Cmxi          Cmyi          Cmzi 
        1   0.00000   0.07213   0.12602   0.00134   0.79273  8.372739e-01 -1.123953e+00 -7.447065e-01  1.811327e-02  1.758040e-02 -3.519215e-03  8.191606e-01 -1.141534e+00 -7.411873e-01 -7.447065e-01  8.372739e-01 -1.123420e+00 -3.519215e-03  1.811327e-02  1.758040e-02 -7.411873e-01  8.191606e-01 -1.141534e+00 -5.353597e+00 -8.403648e-01 -4.529181e+00  1.621251e-02 -3.020362e-02 -6.743835e-02 -5.369809e+00 -8.101611e-01 -4.461743e+00 
        2   0.00000   0.16803   0.12602   0.00134   0.79502  1.203714e+00 -1.373089e+00 -7.902260e-01  2.835890e-02  2.681314e-02  3.029121e-03  1.175356e+00 -1.399902e+00 -7.932551e-01 -7.902260e-01  1.203714e+00 -1.371543e+00  3.029121e-03  2.835890e-02  2.681314e-02 -7.932551e-01  1.175356e+00 -1.399902e+00 -5.916566e+00 -1.393265e+00 -6.224570e+00  5.887980e-02 -5.029556e-02 -1.060323e-01 -5.975446e+00 -1.342970e+00 -6.118538e+00 
        3   0.00000   0.21557   0.12602   0.00134   0.80592  6.977014e-01 -1.130810e+00 -6.779815e-02  1.664868e-02  1.537705e-02 -1.339219e-03  6.810527e-01 -1.146187e+00 -6.645893e-02 -6.779815e-02  6.977014e-01 -1.129539e+00 -1.339219e-03  1.664868e-02  1.537705e-02 -6.645893e-02  6.810527e-01 -1.146187e+00 -2.138029e+00 -1.078925e+00 -3.581412e+00  1.914871e-02 -2.617357e-02 -6.247776e-02 -2.157178e+00 -1.052751e+00 -3.518934e+00 
        4   0.00000   0.26311   0.12602   0.00134   0.80735  7.467377e-01 -1.106221e+00 -1.616938e-02  1.693691e-02  1.559860e-02 -9.719322e-04  7.298008e-01 -1.121819e+00 -1.519745e-02 -1.616938e-02  7.467377e-01 -1.104882e+00 -9.719322e-04  1.693691e-02  1.559860e-02 -1.519745e-02  7.298008e-01 -1.121819e+00 -1.774477e+00 -1.136524e+00 -3.718722e+00  1.979722e-02 -2.545782e-02 -6.358749e-02 -1.794275e+00 -1.111066e+00 -3.655134e+00 
        5   0.00000   0.31066   0.12602   0.00134   0.81152  7.116156e-01 -1.140161e+00 -1.824767e-03  1.692661e-02  1.547930e-02 -1.051526e-03  6.946890e-01 -1.155640e+00 -7.732404e-04 -1.824767e-03  7.116156e-01 -1.138713e+00 -1.051526e-03  1.692661e-02  1.547930e-02 -7.732404e-04  6.946890e-01 -1.155640e+00 -1.667702e+00 -1.034620e+00 -3.569833e+00  1.797565e-02 -2.397801e-02 -6.361799e-02 -1.685678e+00 -1.010642e+00 -3.506215e+00 
        6   0.00000   0.35820   0.12602   0.00134   0.81188  7.173392e-01 -1.137804e+00  9.177240e-05  1.697548e-02  1.551078e-02 -7.110192e-04  7.003637e-01 -1.153315e+00  8.027916e-04  9.177240e-05  7.173392e-01 -1.136339e+00 -7.110192e-04  1.697548e-02  1.551078e-02  8.027916e-04  7.003637e-01 -1.153315e+00 -1.560812e+00 -9.844906e-01 -3.588013e+00  1.820172e-02 -2.284560e-02 -6.380996e-02 -1.579013e+00 -9.616450e-01 -3.524203e+00 
        7   0.00000   0.40574   0.12602   0.00134   0.80676  7.099864e-01 -1.132536e+00  1.958147e-03  1.693597e-02  1.543282e-02  5.071679e-04  6.930505e-01 -1.147969e+00  1.450979e-03  1.958147e-03  7.099864e-01 -1.131033e+00  5.071679e-04  1.693597e-02  1.543282e-02  1.450979e-03  6.930505e-01 -1.147969e+00 -1.450884e+00 -9.164175e-01 -3.552415e+00  2.208558e-02 -2.214374e-02 -6.368781e-02 -1.472970e+00 -8.942737e-01 -3.488727e+00 
        8   0.00000   0.45328   0.12602   0.00134   0.80712  7.094203e-01 -1.114642e+00  2.521194e-03  1.667051e-02  1.518892e-02  8.721544e-04  6.927498e-01 -1.129831e+00  1.649039e-03  2.521194e-03  7.094203e-01 -1.113160e+00  8.721544e-04  1.667051e-02  1.518892e-02  1.649039e-03  6.927498e-01 -1.129831e+00 -1.332349e+00 -8.568502e-01 -3.538934e+00  2.208452e-02 -2.063900e-02 -6.269080e-02 -1.354433e+00 -8.362112e-01 -3.476243e+00 
        9   0.00000   0.50082   0.12602   0.00134   0.81845  6.906198e-01 -1.106321e+00  3.718319e-03  1.604969e-02  1.464901e-02  2.112311e-03  6.745701e-01 -1.120970e+00  1.606008e-03  3.718319e-03  6.906198e-01 -1.104920e+00  2.112311e-03  1.604969e-02  1.464901e-02  1.606008e-03  6.745701e-01 -1.120970e+00 -1.224655e+00 -7.771814e-01 -3.455455e+00  2.558540e-02 -1.933106e-02 -6.033994e-02 -1.250241e+00 -7.578504e-01 -3.395115e+00 
       10   0.00000   0.54836   0.12602   0.00134   0.81891  6.960395e-01 -1.079630e+00  3.824054e-03  1.573594e-02  1.436308e-02  2.427560e-03  6.803036e-01 -1.093993e+00  1.396494e-03  3.824054e-03  6.960395e-01 -1.078257e+00  2.427560e-03  1.573594e-02  1.436308e-02  1.396494e-03  6.803036e-01 -1.093993e+00 -1.104234e+00 -7.253007e-01 -3.462361e+00  2.543134e-02 -1.786325e-02 -5.916010e-02 -1.129666e+00 -7.074375e-01 -3.403201e+00 
       11   0.00000   0.59590   0.12602   0.00134   0.83599  6.729323e-01 -1.066158e+00  5.350017e-03  1.491759e-02  1.368933e-02  3.320055e-03  6.580147e-01 -1.079847e+00  2.029962e-03  5.350017e-03  6.729323e-01 -1.064930e+00  3.320055e-03  1.491759e-02  1.368933e-02  2.029962e-03  6.580147e-01 -1.079847e+00 -9.944817e-01 -6.460294e-01 -3.358093e+00  2.745678e-02 -1.632964e-02 -5.603738e-02 -1.021938e+00 -6.296998e-01 -3.302055e+00 
       12   0.00000   0.64344   0.12602   0.00134   0.84492  6.636385e-01 -1.050293e+00  6.200225e-03  1.448174e-02  1.326157e-02  3.647448e-03  6.491568e-01 -1.063554e+00  2.552777e-03  6.200225e-03  6.636385e-01 -1.049073e+00  3.647448e-03  1.448174e-02  1.326157e-02  2.552777e-03  6.491568e-01 -1.063554e+00 -8.878983e-01 -5.823283e-01 -3.312297e+00  2.735976e-02 -1.491011e-02 -5.441765e-02 -9.152581e-01 -5.674182e-01 -3.257879e+00 
       13   0.00000   0.69098   0.12602   0.00134   0.85396  6.497772e-01 -1.015263e+00  7.442432e-03  1.379106e-02  1.263314e-02  3.906592e-03  6.359861e-01 -1.027896e+00  3.535840e-03  7.442432e-03  6.497772e-01 -1.014105e+00  3.906592e-03  1.379106e-02  1.263314e-02  3.535840e-03  6.359861e-01 -1.027896e+00 -7.673173e-01 -5.171336e-01 -3.230546e+00  2.688036e-02 -1.331974e-02 -5.181973e-02 -7.941976e-01 -5.038139e-01 -3.178727e+00 
       14   0.00000   0.73852   0.12602   0.00134   0.86809  6.183345e-01 -9.923587e-01  8.699966e-03  1.304849e-02  1.194566e-02  4.234140e-03  6.052860e-01 -1.004304e+00  4.465826e-03  8.699966e-03  6.183345e-01 -9.912559e-01  4.234140e-03  1.304849e-02  1.194566e-02  4.465826e-03  6.052860e-01 -1.004304e+00 -6.605913e-01 -4.415073e-01 -3.086869e+00  2.676086e-02 -1.185130e-02 -4.903411e-02 -6.873521e-01 -4.296560e-01 -3.037835e+00 
       15   0.00000   0.78607   0.12602   0.00134   0.86961  5.942242e-01 -9.235427e-01  1.087409e-02  1.210747e-02  1.107910e-02  4.203895e-03  5.821167e-01 -9.346218e-01  6.670196e-03  1.087409e-02  5.942242e-01 -9.225143e-01  4.203895e-03  1.210747e-02  1.107910e-02  6.670196e-03  5.821167e-01 -9.346218e-01 -5.256132e-01 -3.776187e-01 -2.935720e+00  2.509435e-02 -1.015852e-02 -4.550112e-02 -5.507076e-01 -3.674602e-01 -2.890219e+00 
       16   0.00000   0.83361   0.12602   0.00134   0.86652  5.186983e-01 -8.377631e-01  2.059233e-02  1.065449e-02  9.779334e-03  4.037236e-03  5.080438e-01 -8.475425e-01  1.655509e-02  2.059233e-02  5.186983e-01 -8.368880e-01  4.037236e-03  1.065449e-02  9.779334e-03  1.655509e-02  5.080438e-01 -8.475425e-01 -3.586473e-01 -2.957875e-01 -2.558125e+00  2.274876e-02 -8.262175e-03 -4.002188e-02 -3.813960e-01 -2.875253e-01 -2.518104e+00 
       17   0.00000   0.88115   0.12602   0.00134   0.86280  4.254622e-01 -6.970894e-01  4.965048e-02  8.900381e-03  8.175246e-03  3.392970e-03  4.165618e-01 -7.052646e-01  4.625751e-02  4.965048e-02  4.254622e-01 -6.963643e-01  3.392970e-03  8.900381e-03  8.175246e-03  4.625751e-02  4.165618e-01 -7.052646e-01 -9.541680e-02 -2.348536e-01 -2.078262e+00  1.841227e-02 -6.171342e-03 -3.342912e-02 -1.138291e-01 -2.286822e-01 -2.044833e+00 
       18   0.00000   0.92869   0.12602   0.00134   0.82840  2.402434e-01 -4.570163e-01  2.186254e-01  6.357215e-03  5.794190e-03  2.371723e-03  2.338862e-01 -4.628104e-01  2.162537e-01  2.186254e-01  2.402434e-01 -4.564532e-01  2.371723e-03  6.357215e-03  5.794190e-03  2.162537e-01  2.338862e-01 -4.628104e-01  8.021380e-01 -2.678685e-01 -1.161779e+00  1.242249e-02 -3.844372e-03 -2.390558e-02  7.897155e-01 -2.640242e-01 -1.137873e+00 
       19   0.00000   0.97623   0.12602   0.00134   0.79331  1.242569e-01 -3.263565e-01  1.840287e-01  5.147489e-03  4.641139e-03  1.936547e-03  1.191094e-01 -3.309976e-01  1.820922e-01  1.840287e-01  1.242569e-01 -3.258502e-01  1.936547e-03  5.147489e-03  4.641139e-03  1.820922e-01  1.191094e-01 -3.309976e-01  7.322243e-01 -1.777195e-01 -6.221370e-01  9.722229e-03 -2.693022e-03 -1.938832e-02  7.225021e-01 -1.750265e-01 -6.027486e-01 
