<<<<<<< HEAD
Sref = 0.416000 
Cref = 0.320000 
Bref = 1.300000 
X_cg = 0.295415 
Y_cg = 0.000000 
Z_cg = 0.305817 
=======
Sref = 0.416722 
Cref = 0.320555 
Bref = 1.300000 
X_cg = 0.245345 
Y_cg = 0.001184 
Z_cg = 0.469047 
>>>>>>> a9fbb5720b89fb8059a6801df2358c4a1b239857
Mach = 0.000000 
AoA = 0.000000 
Beta = 0.000000 
Vinf = 100.000000 
Rho = 0.002377 
ReCref = 4000000.000000 
ClMax = -1.000000 
MaxTurningAngle = -1.000000 
Symmetry = NO 
FarDist = -1.000000 
NumWakeNodes = 64 
WakeIters = 0 
NumberOfControlGroups = 0 
Preconditioner = Matrix 
Karman-Tsien Correction = N 
Stability Type = 0 
NumberOfQuadTrees = 1 
1 2 0.000000 
