Cd.csv: 0.6831716133187546
Cl.csv: 2.0710327996655438
CpT_both.csv: -0.4734760649169689
CpT_flap1.csv: -0.7776821626758729
CpT_flap2.csv: -0.4734760649169689
Cp_both.csv: -0.4734760846606956
