Cd.csv: 0.29802538688086755
Cl.csv: 3.097350872230777
CpT_both.csv: -0.7699939048127041
CpT_flap1.csv: -1.3463600152410422
CpT_flap2.csv: -0.7699939048127041
Cp_both.csv: -0.7699939344871725
