Cd.csv: 1.1666492997321976
Cl.csv: 3.0399677327090484
CpT_both.csv: -0.8163655684253237
CpT_flap1.csv: -1.3693980476947532
CpT_flap2.csv: -0.8163655684253237
Cp_both.csv: -0.8163656040949246
