Cd.csv: 0.25488395906054506
Cl.csv: 2.91373678302819
CpT_both.csv: -0.7615918734393312
CpT_flap1.csv: -1.2780668005079234
CpT_flap2.csv: -0.7615918734393312
Cp_both.csv: -0.7615919070755137
