Cd.csv: 1.2565710860502448
Cl.csv: 3.3266569958901733
CpT_both.csv: -0.853506476114786
CpT_flap1.csv: -1.478116430498676
CpT_flap2.csv: -0.853506476114786
Cp_both.csv: -0.8535065133296624
