0.98708040,-0.16022575,0.0
0.97883582,-0.15343546,0.0
0.97054185,-0.14670626,0.0
0.96219893,-0.14003833,0.0
0.95380752,-0.13343186,0.0
0.94536810,-0.12688704,0.0
0.93688112,-0.12040406,0.0
0.92834704,-0.11398311,0.0
0.91976633,-0.10762439,0.0
0.91113944,-0.10132807,0.0
0.90246684,-0.09509435,0.0
0.89374898,-0.08892342,0.0
0.88498623,-0.08281572,0.0
0.87617883,-0.07677203,0.0
0.86732700,-0.07079314,0.0
0.85843096,-0.06487987,0.0
0.84949094,-0.05903300,0.0
0.84050716,-0.05325335,0.0
0.83147985,-0.04754171,0.0
0.82240922,-0.04189889,0.0
0.81329552,-0.03632569,0.0
0.80413894,-0.03082291,0.0
0.79493967,-0.02539155,0.0
0.78569770,-0.02003314,0.0
0.77641299,-0.01474927,0.0
0.76708550,-0.00954158,0.0
0.75771522,-0.00441166,0.0
0.74830210,0.00063886,0.0
0.73884611,0.00560838,0.0
0.72934722,0.01049529,0.0
0.71980539,0.01529796,0.0
0.71022060,0.02001480,0.0
0.70059300,0.02464432,0.0
0.69092309,0.02918538,0.0
0.68121148,0.03363685,0.0
0.67145872,0.03799762,0.0
0.66166541,0.04226657,0.0
0.65183211,0.04644257,0.0
0.64195940,0.05052452,0.0
0.63204787,0.05451128,0.0
0.62209809,0.05840175,0.0
0.61211064,0.06219480,0.0
0.60208618,0.06588926,0.0
0.59202545,0.06948387,0.0
0.58192919,0.07297741,0.0
0.57179813,0.07636863,0.0
0.56163301,0.07965631,0.0
0.55143456,0.08283920,0.0
0.54120353,0.08591606,0.0
0.53094064,0.08888565,0.0
0.52064665,0.09174674,0.0
0.51032234,0.09449802,0.0
0.49996876,0.09713795,0.0
0.48958699,0.09966492,0.0
0.47917809,0.10207736,0.0
0.46874315,0.10437367,0.0
0.45828324,0.10655227,0.0
0.44779945,0.10861155,0.0
0.43729284,0.11054994,0.0
0.42676450,0.11236585,0.0
0.41621552,0.11405771,0.0
0.40564714,0.11562439,0.0
0.39506070,0.11706498,0.0
0.38445755,0.11837858,0.0
0.37383902,0.11956429,0.0
0.36320646,0.12062121,0.0
0.35256121,0.12154845,0.0
0.34190460,0.12234509,0.0
0.33123798,0.12301024,0.0
0.32056269,0.12354299,0.0
0.30988045,0.12394158,0.0
0.29919355,0.12420288,0.0
0.28850436,0.12432365,0.0
0.27781523,0.12430062,0.0
0.26712851,0.12413056,0.0
0.25644657,0.12381020,0.0
0.24577175,0.12333631,0.0
0.23510642,0.12270563,0.0
0.22445293,0.12191491,0.0
0.21381365,0.12096098,0.0
0.20319097,0.11984136,0.0
0.19258732,0.11855383,0.0
0.18200512,0.11709619,0.0
0.17144679,0.11546623,0.0
0.16091553,0.11365989,0.0
0.15041830,0.11166395,0.0
0.13996326,0.10946234,0.0
0.12955858,0.10703897,0.0
0.11921240,0.10437778,0.0
0.10893355,0.10146390,0.0
0.09873442,0.09828892,0.0
0.08862861,0.09484643,0.0
0.07862874,0.09111629,0.0
0.06874576,0.08705436,0.0
0.05899381,0.08261371,0.0
0.04944491,0.07774125,0.0
0.04022001,0.07237862,0.0
0.03143309,0.06645619,0.0
0.02307382,0.05974251,0.0
0.01521076,0.05193304,0.0
0.00885074,0.04298820,0.0
0.00531907,0.03295912,0.0
0.00571607,0.02210395,0.0
0.00988320,0.01183748,0.0
0.01721011,0.00393455,0.0
0.02658558,-0.00125917,0.0
0.03666612,-0.00485816,0.0
0.04708621,-0.00730202,0.0
0.05765967,-0.00889048,0.0
0.06830146,-0.00983234,0.0
0.07897483,-0.01029183,0.0
0.08965568,-0.01038626,0.0
0.10033460,-0.01017756,0.0
0.11100465,-0.00971923,0.0
0.12166422,-0.00904748,0.0
0.13231277,-0.00819496,0.0
0.14294979,-0.00719430,0.0
0.15357475,-0.00607812,0.0
0.16418788,-0.00487278,0.0
0.17479079,-0.00359253,0.0
0.18538530,-0.00225024,0.0
0.19597318,-0.00085876,0.0
0.20655624,0.00056908,0.0
0.21713603,0.00202203,0.0
0.22771376,0.00349109,0.0
0.23829064,0.00496739,0.0
0.24886785,0.00644208,0.0
0.25944660,0.00790631,0.0
0.27002809,0.00935122,0.0
0.28061350,0.01076795,0.0
0.29120403,0.01214765,0.0
0.30180089,0.01348147,0.0
0.31240521,0.01476068,0.0
0.32301742,0.01597868,0.0
0.33363732,0.01713055,0.0
0.34426473,0.01821143,0.0
0.35489945,0.01921645,0.0
0.36554127,0.02014075,0.0
0.37619001,0.02097947,0.0
0.38684546,0.02172774,0.0
0.39750743,0.02238069,0.0
0.40817571,0.02293346,0.0
0.41884996,0.02338140,0.0
0.42952900,0.02372089,0.0
0.44021139,0.02394864,0.0
0.45089571,0.02406138,0.0
0.46158054,0.02405582,0.0
0.47226444,0.02392867,0.0
0.48294599,0.02367665,0.0
0.49362376,0.02329648,0.0
0.50429632,0.02278486,0.0
0.51496223,0.02213855,0.0
0.52561972,0.02135525,0.0
0.53626664,0.02043378,0.0
0.54690080,0.01937299,0.0
0.55752003,0.01817177,0.0
0.56812215,0.01682897,0.0
0.57870498,0.01534348,0.0
0.58926635,0.01371414,0.0
0.59980408,0.01193985,0.0
0.61031600,0.01001945,0.0
0.62080003,0.00795242,0.0
0.63125449,0.00574007,0.0
0.64167776,0.00338410,0.0
0.65206822,0.00088620,0.0
0.66242424,-0.00175193,0.0
0.67274421,-0.00452862,0.0
0.68302650,-0.00744215,0.0
0.69326949,-0.01049084,0.0
0.70347157,-0.01367300,0.0
0.71363114,-0.01698691,0.0
0.72374701,-0.02043069,0.0
0.73381821,-0.02400234,0.0
0.74384380,-0.02769984,0.0
0.75382282,-0.03152119,0.0
0.76375431,-0.03546440,0.0
0.77363733,-0.03952744,0.0
0.78347092,-0.04370832,0.0
0.79325412,-0.04800503,0.0
0.80298598,-0.05241557,0.0
0.81266586,-0.05693764,0.0
0.82229405,-0.06156803,0.0
0.83187102,-0.06630338,0.0
0.84139724,-0.07114035,0.0
0.85087318,-0.07607557,0.0
0.86029929,-0.08110567,0.0
0.86967605,-0.08622731,0.0
0.87900393,-0.09143711,0.0
0.88828339,-0.09673173,0.0
0.89751490,-0.10210780,0.0
0.90669855,-0.10756302,0.0
0.91583370,-0.11309722,0.0
0.92491962,-0.11871049,0.0
0.93395557,-0.12440294,0.0
0.94294079,-0.13017466,0.0
0.95187457,-0.13602575,0.0
0.96075616,-0.14195631,0.0
0.96958482,-0.14796643,0.0
0.97835981,-0.15405621,0.0
0.98708040,-0.16022575,0.0
1.28447393,-0.68410326,0.0
1.28440802,-0.68266815,0.0
1.28445259,-0.67875425,0.0
1.28465114,-0.67313456,0.0
1.28448261,-0.66637385,0.0
1.28331451,-0.65849685,0.0
1.28094533,-0.64922460,0.0
1.27746413,-0.63843498,0.0
1.27291404,-0.62621084,0.0
1.26730028,-0.61261217,0.0
1.26064623,-0.59772024,0.0
1.25298973,-0.58162244,0.0
1.24436326,-0.56441068,0.0
1.23481294,-0.54619287,0.0
1.22439480,-0.52707767,0.0
1.21316937,-0.50717907,0.0
1.20119565,-0.48663080,0.0
1.18854860,-0.46555296,0.0
1.17529709,-0.44408003,0.0
1.16153127,-0.42232835,0.0
1.14734885,-0.40044461,0.0
1.13285815,-0.37856643,0.0
1.11819559,-0.35685348,0.0
1.10346406,-0.33551244,0.0
1.08875584,-0.31475911,0.0
1.07409943,-0.29479929,0.0
1.05950514,-0.27581750,0.0
1.04497198,-0.25795269,0.0
1.03057947,-0.24133025,0.0
1.01619809,-0.22620813,0.0
1.00169123,-0.21255571,0.0
0.98708040,-0.20022575,0.0
0.97241804,-0.18918265,0.0
0.95783034,-0.17933702,0.0
0.94347144,-0.17068608,0.0
0.92947573,-0.16322552,0.0
0.91592672,-0.15696686,0.0
0.90294515,-0.15188980,0.0
0.89063582,-0.14798769,0.0
0.87910962,-0.14523946,0.0
0.86849794,-0.14361571,0.0
0.85887962,-0.14318719,0.0
0.85021454,-0.14389613,0.0
0.84254858,-0.14553761,0.0
0.83602091,-0.14798354,0.0
0.83078820,-0.15107248,0.0
0.82703220,-0.15463996,0.0
0.82505718,-0.15835243,0.0
0.82581012,-0.16254253,0.0
0.82937921,-0.16804634,0.0
0.83505421,-0.17505628,0.0
0.84270095,-0.18344760,0.0
0.85217527,-0.19315932,0.0
0.86337106,-0.20408876,0.0
0.87618905,-0.21610895,0.0
0.89056426,-0.22903605,0.0
0.90673766,-0.24271026,0.0
0.92486071,-0.25735202,0.0
0.94466419,-0.27322813,0.0
0.96589673,-0.29037841,0.0
0.98828652,-0.30878645,0.0
1.01156712,-0.32843132,0.0
1.03544177,-0.34923505,0.0
1.05962439,-0.37111062,0.0
1.08380849,-0.39391476,0.0
1.10769209,-0.41750954,0.0
1.13098779,-0.44169859,0.0
1.15340516,-0.46626046,0.0
1.17466974,-0.49096010,0.0
1.19453447,-0.51552981,0.0
1.21277357,-0.53968375,0.0
1.22918179,-0.56312772,0.0
1.24359643,-0.58553118,0.0
1.25589274,-0.60658642,0.0
1.26597412,-0.62594325,0.0
1.27376595,-0.64328798,0.0
1.27913602,-0.65821798,0.0
1.28218202,-0.66999618,0.0
1.28363677,-0.67807941,0.0
1.28429037,-0.68264897,0.0
1.28447393,-0.68410326,0.0
