Force Coefficients for group 1 --> /home/liukushka/Desktop/Università/Magistrale/ProgettoAerodinamico/progettoAerodinamico/Pythonism/automatizzazioneVSP/analysisOutputSweep_main_wing/Sweep_main_wing_0.0/geometry_Sweep_main_wing_0.0_DegenGeom 

   Time        Cx         Cy         Cz        Cxo        Cyo        Czo        Cxi        Cyi        Czi        Cmx        Cmy        Cmz        Cmxo       Cmyo       Cmzo       Cmxi       Cmyi       Cmzi        CL         CD         CS        CLo        CDo        CSo        CLi        CDi        CSi 
   1.00000    0.13087    0.02453   -1.30837    0.03284   -0.00005    0.00307    0.09803    0.02458   -1.31144   -0.02130    1.44464    0.00900    0.00001    0.02806   -0.00013   -0.02131    1.41657    0.00912   -1.30837    0.13087    0.02453    0.00307    0.03284   -0.00005   -1.31144    0.09803    0.02458 
   2.00000    0.13726   -0.00610   -1.27842    0.03264   -0.00002    0.00308    0.10462   -0.00608   -1.28150   -0.00616    1.38648   -0.00259    0.00001    0.02787    0.00003   -0.00617    1.35862   -0.00262   -1.27842    0.13726   -0.00610    0.00308    0.03264   -0.00002   -1.28150    0.10462   -0.00608 
   3.00000    0.13747    0.00016   -1.18038    0.03219   -0.00001    0.00301    0.10528    0.00016   -1.18338   -0.00528    1.23738    0.00053    0.00000    0.02754   -0.00000   -0.00528    1.20984    0.00053   -1.18038    0.13747    0.00016    0.00301    0.03219   -0.00001   -1.18338    0.10528    0.00016 
   4.00000    0.16217    0.01269   -1.11540    0.03174    0.00002    0.00286    0.13043    0.01267   -1.11826   -0.00693    1.15581    0.00396    0.00003    0.02726   -0.00002   -0.00696    1.12855    0.00398   -1.11540    0.16217    0.01269    0.00286    0.03174    0.00002   -1.11826    0.13043    0.01267 
   5.00000    0.11378    0.00290   -1.07770    0.03169    0.00001    0.00234    0.08210    0.00289   -1.08005    0.00899    1.05192    0.00238    0.00004    0.02787   -0.00000    0.00895    1.02405    0.00239   -1.07770    0.11378    0.00290    0.00234    0.03169    0.00001   -1.08005    0.08210    0.00289 
   6.00000    0.14264    0.00851   -1.16914    0.03189   -0.00004    0.00221    0.11075    0.00855   -1.17135    0.00075    1.22946    0.00386   -0.00001    0.02830    0.00003    0.00075    1.20117    0.00383   -1.16914    0.14264    0.00851    0.00221    0.03189   -0.00004   -1.17135    0.11075    0.00855 
   7.00000    0.13119    0.01054   -1.18367    0.03172   -0.00005    0.00236    0.09947    0.01059   -1.18602    0.00170    1.25814    0.00480    0.00000    0.02793    0.00003    0.00169    1.23021    0.00477   -1.18367    0.13119    0.01054    0.00236    0.03172   -0.00005   -1.18602    0.09947    0.01059 
   8.00000    0.13072   -0.01945   -1.22603    0.03168   -0.00001    0.00237    0.09905   -0.01944   -1.22840    0.02801    1.32874   -0.00697   -0.00000    0.02786    0.00001    0.02801    1.30087   -0.00698   -1.22603    0.13072   -0.01945    0.00237    0.03168   -0.00001   -1.22840    0.09905   -0.01944 
   9.00000    0.13291   -0.02936   -1.22685    0.03179    0.00005    0.00237    0.10113   -0.02941   -1.22922    0.02684    1.33128   -0.01012   -0.00003    0.02796    0.00004    0.02687    1.30332   -0.01016   -1.22685    0.13291   -0.02936    0.00237    0.03179    0.00005   -1.22922    0.10113   -0.02941 
  10.00000    0.13046   -0.04825   -1.21615    0.03221   -0.00017    0.00287    0.09826   -0.04808   -1.21902    0.01696    1.30846   -0.01881   -0.00027    0.02775    0.00016    0.01723    1.28071   -0.01896   -1.21615    0.13046   -0.04825    0.00287    0.03221   -0.00017   -1.21902    0.09826   -0.04808 
  11.00000    0.32868    0.00359   -1.17560    0.03196    0.00031    0.00302    0.29672    0.00327   -1.17862   -0.02249    1.42886    0.09243    0.00004    0.02732    0.00003   -0.02253    1.40154    0.09240   -1.17560    0.32868    0.00359    0.00302    0.03196    0.00031   -1.17862    0.29672    0.00327 
  12.00000    0.21514    0.14434   -1.17068    0.03287   -0.00055    0.00390    0.18227    0.14489   -1.17458   -0.05202    1.31947    0.03570    0.00066    0.02709   -0.00060   -0.05267    1.29239    0.03630   -1.17068    0.21514    0.14434    0.00390    0.03287   -0.00055   -1.17458    0.18227    0.14489 
  13.00000    0.11749    0.01805   -1.20466    0.03184    0.00012    0.00276    0.08565    0.01793   -1.20741   -0.04424    1.29267    0.02198    0.00018    0.02755   -0.00007   -0.04442    1.26513    0.02205   -1.20466    0.11749    0.01805    0.00276    0.03184    0.00012   -1.20741    0.08565    0.01793 
  14.00000    0.14799    0.00394   -1.18756    0.03166    0.00015    0.00265    0.11633    0.00379   -1.19021   -0.03123    1.32793    0.02413    0.00011    0.02752   -0.00009   -0.03135    1.30042    0.02422   -1.18756    0.14799    0.00394    0.00265    0.03166    0.00015   -1.19021    0.11633    0.00379 
  15.00000    0.13631    0.03316   -1.20992    0.03200   -0.00010    0.00264    0.10432    0.03326   -1.21256   -0.02318    1.39996    0.03354    0.00014    0.02782   -0.00006   -0.02333    1.37214    0.03359   -1.20992    0.13631    0.03316    0.00264    0.03200   -0.00010   -1.21256    0.10432    0.03326 
  16.00000    0.13498    0.04089   -1.22328    0.03198   -0.00006    0.00261    0.10301    0.04095   -1.22589   -0.01004    1.31844    0.01708    0.00014    0.02784   -0.00006   -0.01019    1.29060    0.01714   -1.22328    0.13498    0.04089    0.00261    0.03198   -0.00006   -1.22589    0.10301    0.04095 
  17.00000    0.13986    0.03138   -1.24235    0.03190   -0.00002    0.00257    0.10796    0.03139   -1.24492    0.00968    1.35696    0.01090    0.00018    0.02781   -0.00002    0.00950    1.32916    0.01092   -1.24235    0.13986    0.03138    0.00257    0.03190   -0.00002   -1.24492    0.10796    0.03139 
  18.00000    0.13398    0.00320   -1.23877    0.03200   -0.00003    0.00268    0.10198    0.00323   -1.24144    0.03258    1.34210   -0.00090   -0.00015    0.02777    0.00005    0.03274    1.31433   -0.00095   -1.23877    0.13398    0.00320    0.00268    0.03200   -0.00003   -1.24144    0.10198    0.00323 
  19.00000    0.13880   -0.04413   -1.28671    0.03243   -0.00027    0.00268    0.10637   -0.04386   -1.28939    0.05053    1.41682   -0.04298   -0.00007    0.02820    0.00006    0.05060    1.38862   -0.04304   -1.28671    0.13880   -0.04413    0.00268    0.03243   -0.00027   -1.28939    0.10637   -0.04386 
  20.00000    0.13417   -0.04833   -1.25869    0.03208   -0.00004    0.00277    0.10209   -0.04829   -1.26146    0.03970    1.37633   -0.02009   -0.00013    0.02775    0.00018    0.03983    1.34858   -0.02027   -1.25869    0.13417   -0.04833    0.00277    0.03208   -0.00004   -1.26146    0.10209   -0.04829 
  21.00000    0.13504   -0.07699   -1.24849    0.03222    0.00002    0.00278    0.10282   -0.07701   -1.25127    0.03434    1.36646   -0.02974   -0.00014    0.02788    0.00020    0.03448    1.33858   -0.02995   -1.24849    0.13504   -0.07699    0.00278    0.03222    0.00002   -1.25127    0.10282   -0.07701 
  22.00000    0.13827   -0.06984   -1.23620    0.03219    0.00000    0.00276    0.10607   -0.06984   -1.23896    0.02045    1.34527   -0.02880   -0.00015    0.02786    0.00016    0.02060    1.31741   -0.02896   -1.23620    0.13827   -0.06984    0.00276    0.03219    0.00000   -1.23896    0.10607   -0.06984 
  23.00000    0.14322   -0.06732   -1.20848    0.03236   -0.00004    0.00304    0.11086   -0.06728   -1.21151   -0.00378    1.31116   -0.01535   -0.00008    0.02769    0.00011   -0.00370    1.28347   -0.01546   -1.20848    0.14322   -0.06732    0.00304    0.03236   -0.00004   -1.21151    0.11086   -0.06728 
  24.00000    0.12228    0.01792   -1.11193    0.03181    0.00020    0.00261    0.09047    0.01771   -1.11454   -0.04941    1.12732    0.00654    0.00004    0.02766    0.00002   -0.04945    1.09966    0.00653   -1.11193    0.12228    0.01792    0.00261    0.03181    0.00020   -1.11454    0.09047    0.01771 
  25.00000    0.13228    0.01678   -1.17141    0.03181   -0.00002    0.00253    0.10047    0.01681   -1.17394   -0.00750    1.23837    0.01165    0.00009    0.02779   -0.00001   -0.00759    1.21058    0.01166   -1.17141    0.13228    0.01678    0.00253    0.03181   -0.00002   -1.17394    0.10047    0.01681 


Average over last full revolution: 

  25.00000    0.13228    0.01678   -1.17141    0.03181   -0.00002    0.00253    0.10047    0.01681   -1.17394   -0.00750    1.23837    0.01165    0.00009    0.02779   -0.00001   -0.00759    1.21058    0.01166   -1.17141    0.13228    0.01678    0.00253    0.03181   -0.00002   -1.17394    0.10047    0.01681 



Average loading for wing surface: 1 --> VSP Surface: 1 ... NOTE: values are per area! 

  Station     S       Chord     Area      V/Vref        Cx            Cy            Cz           Cxo           Cyo           Czo          Cxi            Cyi           Czi           Cl            Cd            Cs            Clo           Cdo           Cso           Cli           Cdi           Csi           Cmx           Cmy           Cmz          Cmxo          Cmyo          Cmzo          Cmxi          Cmyi          Cmzi 
        1   0.06063   0.31995   0.01495   1.02798  4.380256e-02 -1.469787e-04 -8.991155e-01  1.983509e-02 -1.698703e-04  1.006508e-03  2.396747e-02  2.289163e-05 -9.001220e-01 -8.991155e-01  4.380256e-02  1.985798e-02  1.006508e-03  1.983509e-02 -1.698703e-04 -9.001220e-01  2.396747e-02  2.289163e-05 -6.509134e-02  8.729609e-01 -3.323826e-03  2.346990e-04  1.787135e-02 -1.608993e-03 -6.532604e-02  8.550896e-01 -1.714833e-03 
        2   0.15506   0.31995   0.01495   1.02792  4.005158e-02 -1.001642e-04 -8.995301e-01  1.983668e-02 -1.765097e-04  1.000478e-03  2.021489e-02  7.634549e-05 -9.005306e-01 -8.995301e-01  4.005158e-02  1.991303e-02  1.000478e-03  1.983668e-02 -1.765097e-04 -9.005306e-01  2.021489e-02  7.634549e-05 -1.956790e-01  8.691445e-01 -8.814517e-03  3.857612e-04  1.787890e-02 -4.494278e-03 -1.960648e-01  8.512656e-01 -4.320240e-03 
        3   0.22265   0.31995   0.01495   1.02606  4.159668e-02 -3.208940e-04 -9.027155e-01  1.983714e-02 -3.841800e-04  1.004302e-03  2.175954e-02  6.328598e-05 -9.037198e-01 -9.027155e-01  4.159668e-02  1.990043e-02  1.004302e-03  1.983714e-02 -3.841800e-04 -9.037198e-01  2.175954e-02  6.328598e-05 -3.271840e-01  8.705465e-01 -1.541047e-02  7.299759e-04  1.787551e-02 -7.580612e-03 -3.279140e-01  8.526710e-01 -7.829855e-03 
        4   0.29025   0.31995   0.01495   1.02598  3.784899e-02 -3.854777e-04 -9.037788e-01  1.984502e-02 -3.889821e-04  1.004721e-03  1.800397e-02  3.504397e-06 -9.047835e-01 -9.037788e-01  3.784899e-02  1.984852e-02  1.004721e-03  1.984502e-02 -3.889821e-04 -9.047835e-01  1.800397e-02  3.504397e-06 -4.586586e-01  8.665207e-01 -1.960992e-02  8.804950e-04  1.788259e-02 -1.046801e-02 -4.595391e-01  8.486381e-01 -9.141904e-03 
        5   0.35784   0.31995   0.01495   1.02202  3.884576e-02 -3.389330e-04 -9.040086e-01  1.978314e-02 -3.411788e-04  1.006129e-03  1.906262e-02  2.245812e-06 -9.050148e-01 -9.040086e-01  3.884576e-02  1.978539e-02  1.006129e-03  1.978314e-02 -3.411788e-04 -9.050148e-01  1.906262e-02  2.245812e-06 -5.900185e-01  8.665711e-01 -2.570456e-02  9.817152e-04  1.782229e-02 -1.325955e-02 -5.910002e-01  8.487488e-01 -1.244501e-02 
        6   0.42544   0.31995   0.01495   1.02163  3.860153e-02 -2.748416e-04 -8.987960e-01  1.972060e-02 -3.348973e-04  1.002543e-03  1.888094e-02  6.005575e-05 -8.997986e-01 -8.987960e-01  3.860153e-02  1.978065e-02  1.002543e-03  1.972060e-02 -3.348973e-04 -8.997986e-01  1.888094e-02  6.005575e-05 -7.170959e-01  8.614003e-01 -3.106688e-02  1.118875e-03  1.776635e-02 -1.607411e-02 -7.182148e-01  8.436340e-01 -1.499277e-02 
        7   0.49303   0.31995   0.01495   1.01783  3.737521e-02 -1.163599e-04 -8.873646e-01  1.953569e-02 -2.386135e-04  9.952096e-04  1.783952e-02  1.222537e-04 -8.883598e-01 -8.873646e-01  3.737521e-02  1.965794e-02  9.952096e-04  1.953569e-02 -2.386135e-04 -8.883598e-01  1.783952e-02  1.222537e-04 -8.368773e-01  8.506853e-01 -3.533223e-02  1.165803e-03  1.759770e-02 -1.866512e-02 -8.380431e-01  8.330876e-01 -1.666710e-02 
        8   0.56063   0.31995   0.01495   1.01774  4.031586e-02 -1.756227e-05 -8.707944e-01  1.936028e-02 -2.333280e-04  9.869821e-04  2.095558e-02  2.157657e-04 -8.717813e-01 -8.707944e-01  4.031586e-02  1.957605e-02  9.869821e-04  1.936028e-02 -2.333280e-04 -8.717813e-01  2.095558e-02  2.157657e-04 -9.477169e-01  8.384048e-01 -4.383386e-02  1.296234e-03  1.743898e-02 -2.130378e-02 -9.490131e-01  8.209658e-01 -2.253008e-02 
        9   0.62823   0.31995   0.01495   1.01489  3.719512e-02  8.812878e-05 -8.457415e-01  1.905026e-02 -1.982166e-04  9.723932e-04  1.814486e-02  2.863454e-04 -8.467139e-01 -8.457415e-01  3.719512e-02  1.933661e-02  9.723932e-04  1.905026e-02 -1.982166e-04 -8.467139e-01  1.814486e-02  2.863454e-04 -1.043256e+00  8.150961e-01 -4.572043e-02  1.388045e-03  1.715852e-02 -2.369568e-02 -1.044644e+00  7.979376e-01 -2.202475e-02 
       10   0.69582   0.31995   0.01495   1.01429  4.308470e-02  1.491945e-04 -8.187907e-01  1.877074e-02 -1.863052e-04  9.586395e-04  2.431397e-02  3.354996e-04 -8.197493e-01 -8.187907e-01  4.308470e-02  1.910624e-02  9.586395e-04  1.877074e-02 -1.863052e-04 -8.197493e-01  2.431397e-02  3.354996e-04 -1.128913e+00  7.986867e-01 -5.919572e-02  1.498854e-03  1.690624e-02 -2.606285e-02 -1.130412e+00  7.817805e-01 -3.313287e-02 
       11   0.76342   0.31995   0.01495   1.01273  3.946291e-02  6.333971e-05 -7.810498e-01  1.837268e-02 -2.372296e-04  9.465377e-04  2.109023e-02  3.005693e-04 -7.819963e-01 -7.810498e-01  3.946291e-02  1.867325e-02  9.465377e-04  1.837268e-02 -2.372296e-04 -7.819963e-01  2.109023e-02  3.005693e-04 -1.190142e+00  7.668607e-01 -6.002531e-02  1.667991e-03  1.653949e-02 -2.823110e-02 -1.191810e+00  7.503213e-01 -3.179420e-02 
       12   0.83101   0.31995   0.01495   1.01225  4.769580e-02  4.826216e-05 -7.380320e-01  1.796937e-02 -2.342872e-04  9.277018e-04  2.972643e-02  2.825493e-04 -7.389597e-01 -7.380320e-01  4.769580e-02  1.825192e-02  9.277018e-04  1.796937e-02 -2.342872e-04 -7.389597e-01  2.972643e-02  2.825493e-04 -1.231702e+00  7.379287e-01 -7.940371e-02  1.771111e-03  1.617448e-02 -3.022122e-02 -1.233473e+00  7.217543e-01 -4.918249e-02 
       13   0.89861   0.31995   0.01495   1.01296  4.598651e-02  2.985388e-03 -6.793540e-01  1.747299e-02 -3.530940e-04  9.254554e-04  2.851352e-02  3.338482e-03 -6.802794e-01 -6.793540e-01  4.598651e-02  2.081147e-02  9.254554e-04  1.747299e-02 -3.530940e-04 -6.802794e-01  2.851352e-02  3.338482e-03 -1.235019e+00  6.878828e-01 -7.960536e-02  2.014729e-03  1.570430e-02 -3.204718e-02 -1.237034e+00  6.721785e-01 -4.755818e-02 
       14   0.96620   0.31995   0.01495   1.01883  4.338481e-02  3.072994e-03 -6.155329e-01  1.709527e-02 -8.935959e-05  9.545310e-04  2.628954e-02  3.162353e-03 -6.164874e-01 -6.155329e-01  4.338481e-02  2.025762e-02  9.545310e-04  1.709527e-02 -8.935959e-05 -6.164874e-01  2.628954e-02  3.162353e-03 -1.208613e+00  6.460015e-01 -8.124326e-02  1.954978e-03  1.531574e-02 -3.357906e-02 -1.210568e+00  6.306857e-01 -4.766421e-02 



Average loading for wing surface: 2 --> VSP Surface: 2 ... NOTE: values are per area! 

  Station     S       Chord     Area      V/Vref        Cx            Cy            Cz           Cxo           Cyo           Czo          Cxi            Cyi           Czi           Cl            Cd            Cs            Clo           Cdo           Cso           Cli           Cdi           Csi           Cmx           Cmy           Cmz          Cmxo          Cmyo          Cmzo          Cmxi          Cmyi          Cmzi 
        1   0.06063   0.31995   0.01495   1.02779  4.405566e-02  1.755684e-04 -8.995786e-01  1.983625e-02  2.067429e-04  1.014154e-03  2.421941e-02 -3.117446e-05 -9.005928e-01 -8.995786e-01  4.405566e-02  1.980507e-02  1.014154e-03  1.983625e-02  2.067429e-04 -9.005928e-01  2.421941e-02 -3.117446e-05  6.509545e-02  8.735488e-01  3.368874e-03 -2.703466e-04  1.786481e-02  1.645943e-03  6.536580e-02  8.556840e-01  1.722931e-03 
        2   0.15506   0.31995   0.01495   1.02767  4.041855e-02  1.119209e-04 -9.007408e-01  1.984482e-02  2.078896e-04  1.010584e-03  2.057374e-02 -9.596869e-05 -9.017514e-01 -9.007408e-01  4.041855e-02  1.974885e-02  1.010584e-03  1.984482e-02  2.078896e-04 -9.017514e-01  2.057374e-02 -9.596869e-05  1.959296e-01  8.705996e-01  8.901968e-03 -4.178264e-04  1.787653e-02  4.527422e-03  1.963474e-01  8.527231e-01  4.374545e-03 
        3   0.22265   0.31995   0.01495   1.02547  4.212417e-02  3.194795e-04 -9.043325e-01  1.984379e-02  4.098729e-04  1.019975e-03  2.228038e-02 -9.039338e-05 -9.053524e-01 -9.043325e-01  4.212417e-02  1.975339e-02  1.019975e-03  1.984379e-02  4.098729e-04 -9.053524e-01  2.228038e-02 -9.039338e-05  3.277730e-01  8.725674e-01  1.559331e-02 -7.601146e-04  1.786617e-02  7.608712e-03  3.285331e-01  8.547012e-01  7.984594e-03 
        4   0.29025   0.31995   0.01495   1.02532  3.861930e-02  3.868311e-04 -9.057111e-01  1.985402e-02  4.146096e-04  1.023380e-03  1.876528e-02 -2.777844e-05 -9.067344e-01 -9.057111e-01  3.861930e-02  1.982624e-02  1.023380e-03  1.985402e-02  4.146096e-04 -9.067344e-01  1.876528e-02 -2.777844e-05  4.596399e-01  8.691230e-01  1.999610e-02 -9.143622e-04  1.787250e-02  1.049821e-02  4.605543e-01  8.512506e-01  9.497896e-03 
        5   0.35784   0.31995   0.01495   1.02105  3.968668e-02  3.675472e-04 -9.056676e-01  1.978418e-02  3.659997e-04  1.031336e-03  1.990250e-02  1.547473e-06 -9.066989e-01 -9.056676e-01  3.968668e-02  1.978573e-02  1.031336e-03  1.978418e-02  3.659997e-04 -9.066989e-01  1.990250e-02  1.547473e-06  5.910760e-01  8.688642e-01  2.628483e-02 -1.021798e-03  1.779808e-02  1.328505e-02  5.920978e-01  8.510661e-01  1.299979e-02 
        6   0.42544   0.31995   0.01495   1.02059  3.970696e-02  3.623404e-04 -9.003652e-01  1.971930e-02  3.599081e-04  1.031400e-03  1.998766e-02  2.432350e-06 -9.013966e-01 -9.003652e-01  3.970696e-02  1.972173e-02  1.031400e-03  1.971930e-02  3.599081e-04 -9.013966e-01  1.998766e-02  2.432350e-06  7.182677e-01  8.638476e-01  3.205726e-02 -1.165710e-03  1.773626e-02  1.609808e-02  7.194334e-01  8.461113e-01  1.595918e-02 
        7   0.49303   0.31995   0.01495   1.01630  3.853712e-02  2.883269e-04 -8.885067e-01  1.952138e-02  2.645983e-04  1.030972e-03  1.901575e-02  2.372864e-05 -8.895376e-01 -8.885067e-01  3.853712e-02  1.954510e-02  1.030972e-03  1.952138e-02  2.645983e-04 -8.895376e-01  1.901575e-02  2.372864e-05  8.377928e-01  8.527329e-01  3.664855e-02 -1.224265e-03  1.754832e-02  1.867760e-02  8.390171e-01  8.351846e-01  1.797095e-02 
        8   0.56063   0.31995   0.01495   1.01586  4.180370e-02  2.946748e-04 -8.713759e-01  1.933341e-02  2.586689e-04  1.025148e-03  2.247029e-02  3.600589e-05 -8.724011e-01 -8.713759e-01  4.180370e-02  1.936941e-02  1.025148e-03  1.933341e-02  2.586689e-04 -8.724011e-01  2.247029e-02  3.600589e-05  9.480887e-01  8.400592e-01  4.580627e-02 -1.361889e-03  1.737525e-02  2.129987e-02  9.494506e-01  8.226840e-01  2.450640e-02 
        9   0.62823   0.31995   0.01495   1.01238  3.858807e-02  2.988993e-04 -8.450260e-01  1.899786e-02  2.244509e-04  1.017090e-03  1.959020e-02  7.444841e-05 -8.460431e-01 -8.450260e-01  3.858807e-02  1.907231e-02  1.017090e-03  1.899786e-02  2.244509e-04 -8.460431e-01  1.959020e-02  7.444841e-05  1.042009e+00  8.150741e-01  4.792799e-02 -1.468145e-03  1.706395e-02  2.365728e-02  1.043477e+00  7.980101e-01  2.427071e-02 
       10   0.69582   0.31995   0.01495   1.01152  4.479998e-02  5.339029e-04 -8.168007e-01  1.870001e-02  2.137524e-04  1.008169e-03  2.609998e-02  3.201505e-04 -8.178088e-01 -8.168007e-01  4.479998e-02  1.902016e-02  1.008169e-03  1.870001e-02  2.137524e-04 -8.178088e-01  2.609998e-02  3.201505e-04  1.125530e+00  7.973397e-01  6.244515e-02 -1.593256e-03  1.678940e-02  2.599278e-02  1.127123e+00  7.805503e-01  3.645237e-02 
       11   0.76342   0.31995   0.01495   1.00826  4.137962e-02  9.967959e-04 -7.786583e-01  1.826517e-02  2.689022e-04  1.005359e-03  2.311445e-02  7.278938e-04 -7.796636e-01 -7.786583e-01  4.137962e-02  1.899307e-02  1.005359e-03  1.826517e-02  2.689022e-04 -7.796636e-01  2.311445e-02  7.278938e-04  1.185495e+00  7.655610e-01  6.433485e-02 -1.787759e-03  1.637836e-02  2.809896e-02  1.187282e+00  7.491826e-01  3.623588e-02 
       12   0.83101   0.31995   0.01495   1.00698  4.967856e-02  1.724589e-03 -7.333439e-01  1.782292e-02  2.632582e-04  9.992819e-04  3.185564e-02  1.461330e-03 -7.343432e-01 -7.333439e-01  4.967856e-02  1.928425e-02  9.992819e-04  1.782292e-02  2.632582e-04 -7.343432e-01  3.185564e-02  1.461330e-03  1.222212e+00  7.336433e-01  8.507735e-02 -1.918135e-03  1.596353e-02  3.000578e-02  1.224130e+00  7.176798e-01  5.507156e-02 
       13   0.89861   0.31995   0.01495   1.00416  4.882551e-02  2.836343e-04 -6.766976e-01  1.726926e-02  3.881843e-04  1.015202e-03  3.155625e-02 -1.045500e-04 -6.777128e-01 -6.766976e-01  4.882551e-02  1.716471e-02  1.015202e-03  1.726926e-02  3.881843e-04 -6.777128e-01  3.155625e-02 -1.045500e-04  1.227037e+00  6.873314e-01  8.914262e-02 -2.210915e-03  1.542067e-02  3.171272e-02  1.229248e+00  6.719107e-01  5.742991e-02 
       14   0.96620   0.31995   0.01495   1.00840  4.717660e-02 -9.953044e-04 -6.118998e-01  1.684054e-02  9.936718e-05  1.067249e-03  3.033606e-02 -1.094672e-03 -6.129670e-01 -6.118998e-01  4.717660e-02  1.574587e-02  1.067249e-03  1.684054e-02  9.936718e-05 -6.129670e-01  3.033606e-02 -1.094672e-03  1.199511e+00  6.439861e-01  9.147168e-02 -2.185318e-03  1.496061e-02  3.309006e-02  1.201697e+00  6.290255e-01  5.838162e-02 



Average loading for wing surface: 3 --> VSP Surface: 3 ... NOTE: values are per area! 

  Station     S       Chord     Area      V/Vref        Cx            Cy            Cz           Cxo           Cyo           Czo          Cxi            Cyi           Czi           Cl            Cd            Cs            Clo           Cdo           Cso           Cli           Cdi           Csi           Cmx           Cmy           Cmz          Cmxo          Cmyo          Cmzo          Cmxi          Cmyi          Cmzi 
        1   0.03092   0.12926   0.00606   0.96193  1.977138e-01 -1.864241e-04 -7.916311e-01  2.038442e-02 -1.617247e-04  4.442453e-03  1.773294e-01 -2.469942e-05 -7.960736e-01 -7.916311e-01  1.977138e-01  2.035972e-02  4.442453e-03  2.038442e-02 -1.617247e-04 -7.960736e-01  1.773294e-01 -2.469942e-05 -1.416972e-01  3.733245e+00 -3.627425e-02  1.218685e-03  3.503411e-02 -4.316601e-03 -1.429159e-01  3.698211e+00 -3.195765e-02 
        2   0.09793   0.12926   0.00606   0.96157  1.945927e-01 -2.292082e-04 -7.882321e-01  2.033630e-02 -2.179969e-04  4.419716e-03  1.742564e-01 -1.121124e-05 -7.926519e-01 -7.882321e-01  1.945927e-01  2.032509e-02  4.419716e-03  2.033630e-02 -2.179969e-04 -7.926519e-01  1.742564e-01 -1.121124e-05 -4.241296e-01  3.711362e+00 -1.057839e-01  2.948582e-03  3.500106e-02 -1.184083e-02 -4.270782e-01  3.676361e+00 -9.394303e-02 
        3   0.17009   0.12926   0.00606   0.96612  1.876990e-01 -5.093496e-04 -7.701311e-01  2.022327e-02 -5.159025e-04  4.395686e-03  1.674758e-01  6.552834e-06 -7.745267e-01 -7.701311e-01  1.876990e-01  2.022983e-02  4.395686e-03  2.022327e-02 -5.159025e-04 -7.745267e-01  1.674758e-01  6.552834e-06 -6.901932e-01  3.615144e+00 -1.705908e-01  5.289738e-03  3.480438e-02 -2.025171e-02 -6.954829e-01  3.580340e+00 -1.503391e-01 
        4   0.24226   0.12926   0.00606   0.96616  1.989191e-01 -5.159389e-04 -7.960622e-01  2.051926e-02 -4.848861e-04  4.450137e-03  1.783999e-01 -3.105283e-05 -8.005124e-01 -7.960622e-01  1.989191e-01  2.048821e-02  4.450137e-03  2.051926e-02 -4.848861e-04 -8.005124e-01  1.783999e-01 -3.105283e-05 -9.995128e-01  3.758110e+00 -2.522030e-01  6.856408e-03  3.535384e-02 -2.776226e-02 -1.006369e+00  3.722756e+00 -2.244408e-01 
        5   0.31442   0.12926   0.00606   0.97088  1.946387e-01 -4.155418e-04 -7.837033e-01  2.048047e-02 -4.113582e-04  4.443396e-03  1.741582e-01 -4.183630e-06 -7.881467e-01 -7.837033e-01  1.946387e-01  2.047628e-02  4.443396e-03  2.048047e-02 -4.113582e-04 -7.881467e-01  1.741582e-01 -4.183630e-06 -1.265669e+00  3.694271e+00 -3.162979e-01  8.252668e-03  3.528022e-02 -3.477198e-02 -1.273922e+00  3.658991e+00 -2.815259e-01 
        6   0.38659   0.12926   0.00606   0.97083  1.921339e-01 -2.202310e-04 -7.775577e-01  2.041326e-02 -3.004612e-04  4.428679e-03  1.717206e-01  8.023014e-05 -7.819864e-01 -7.775577e-01  1.921339e-01  2.049349e-02  4.428679e-03  2.041326e-02 -3.004612e-04 -7.819864e-01  1.717206e-01  8.023014e-05 -1.535538e+00  3.663533e+00 -3.804491e-01  9.531089e-03  3.516499e-02 -4.154621e-02 -1.545069e+00  3.628369e+00 -3.389028e-01 
        7   0.45876   0.12926   0.00606   0.97380  1.888426e-01  1.101295e-04 -7.696565e-01  2.039156e-02 -3.375340e-05  4.424600e-03  1.684511e-01  1.438829e-04 -7.740811e-01 -7.696565e-01  1.888426e-01  2.053544e-02  4.424600e-03  2.039156e-02 -3.375340e-05 -7.740811e-01  1.684511e-01  1.438829e-04 -1.797242e+00  3.623199e+00 -4.404278e-01  1.041834e-02  3.512507e-02 -4.774683e-02 -1.807660e+00  3.588074e+00 -3.926810e-01 
        8   0.53092   0.12926   0.00606   0.97440  1.891149e-01  2.529878e-04 -7.618473e-01  2.032988e-02  1.047854e-04  4.398973e-03  1.687850e-01  1.482024e-04 -7.662462e-01 -7.618473e-01  1.891149e-01  2.047809e-02  4.398973e-03  2.032988e-02  1.047854e-04 -7.662462e-01  1.687850e-01  1.482024e-04 -2.053030e+00  3.593624e+00 -5.084243e-01  1.157812e-02  3.506846e-02 -5.434369e-02 -2.064608e+00  3.558556e+00 -4.540807e-01 
        9   0.60309   0.12926   0.00606   0.97717  1.848077e-01  4.196102e-04 -7.571624e-01  2.032977e-02  3.415393e-04  4.412482e-03  1.644779e-01  7.807092e-05 -7.615749e-01 -7.571624e-01  1.848077e-01  2.040784e-02  4.412482e-03  2.032977e-02  3.415393e-04 -7.615749e-01  1.644779e-01  7.807092e-05 -2.312879e+00  3.565820e+00 -5.625510e-01  1.258341e-02  3.501339e-02 -6.068608e-02 -2.325462e+00  3.530807e+00 -5.018649e-01 
       10   0.67525   0.12926   0.00606   0.97730  1.919366e-01  5.178103e-04 -7.537258e-01  2.031120e-02  4.723964e-04  4.410547e-03  1.716254e-01  4.541394e-05 -7.581363e-01 -7.537258e-01  1.919366e-01  2.035661e-02  4.410547e-03  2.031120e-02  4.723964e-04 -7.581363e-01  1.716254e-01  4.541394e-05 -2.573418e+00  3.570596e+00 -6.528819e-01  1.382126e-02  3.497292e-02 -6.739468e-02 -2.587239e+00  3.535623e+00 -5.854872e-01 
       11   0.74742   0.12926   0.00606   0.97991  1.932976e-01  6.939481e-04 -7.597001e-01  2.042425e-02  7.268506e-04  4.424492e-03  1.728733e-01 -3.290255e-05 -7.641246e-01 -7.597001e-01  1.932976e-01  2.039135e-02  4.424492e-03  2.042425e-02  7.268506e-04 -7.641246e-01  1.728733e-01 -3.290255e-05 -2.866873e+00  3.600302e+00 -7.261728e-01  1.479600e-02  3.521056e-02 -7.408534e-02 -2.881669e+00  3.565092e+00 -6.520874e-01 
       12   0.81959   0.12926   0.00606   0.98695  1.962205e-01  1.876170e-03 -7.581841e-01  2.054861e-02  9.601763e-04  4.517817e-03  1.756719e-01  9.159937e-04 -7.627019e-01 -7.581841e-01  1.962205e-01  2.146460e-02  4.517817e-03  2.054861e-02  9.601763e-04 -7.627019e-01  1.756719e-01  9.159937e-04 -3.137758e+00  3.604471e+00 -8.032329e-01  1.616364e-02  3.515585e-02 -8.098958e-02 -3.153921e+00  3.569315e+00 -7.222433e-01 
       13   0.89175   0.12926   0.00606   0.98151  2.086168e-01  7.209901e-03 -7.776279e-01  2.061085e-02  1.336129e-03  4.606622e-03  1.880059e-01  5.873772e-03 -7.822345e-01 -7.776279e-01  2.086168e-01  2.648462e-02  4.606622e-03  2.061085e-02  1.336129e-03 -7.822345e-01  1.880059e-01  5.873772e-03 -3.510383e+00  3.704568e+00 -9.063648e-01  1.720690e-02  3.495783e-02 -8.712608e-02 -3.527590e+00  3.669610e+00 -8.192387e-01 
       14   0.96392   0.12926   0.00606   0.96096  2.115456e-01  7.737998e-03 -8.197224e-01  2.040313e-02  2.845081e-03  4.966695e-03  1.911424e-01  4.892917e-03 -8.246891e-01 -8.197224e-01  2.115456e-01  2.529605e-02  4.966695e-03  2.040313e-02  2.845081e-03 -8.246891e-01  1.911424e-01  4.892917e-03 -3.994270e+00  3.881174e+00 -9.930011e-01  1.668121e-02  3.295771e-02 -8.740545e-02 -4.010951e+00  3.848217e+00 -9.055957e-01 



Average loading for wing surface: 4 --> VSP Surface: 4 ... NOTE: values are per area! 

  Station     S       Chord     Area      V/Vref        Cx            Cy            Cz           Cxo           Cyo           Czo          Cxi            Cyi           Czi           Cl            Cd            Cs            Clo           Cdo           Cso           Cli           Cdi           Csi           Cmx           Cmy           Cmz          Cmxo          Cmyo          Cmzo          Cmxi          Cmyi          Cmzi 
        1   0.03092   0.12926   0.00606   0.96196  1.976845e-01  2.914233e-04 -7.915837e-01  2.038285e-02  2.474978e-04  4.446796e-03  1.773016e-01  4.392547e-05 -7.960305e-01 -7.915837e-01  1.976845e-01  2.042678e-02  4.446796e-03  2.038285e-02  2.474978e-04 -7.960305e-01  1.773016e-01  4.392547e-05  1.414221e-01  3.733144e+00  3.670323e-02 -1.442655e-03  3.501243e-02  4.664014e-03  1.428648e-01  3.698132e+00  3.203921e-02 
        2   0.09793   0.12926   0.00606   0.96137  1.946757e-01  3.290416e-04 -7.865205e-01  2.031095e-02  2.824705e-04  4.428526e-03  1.743648e-01  4.657117e-05 -7.909490e-01 -7.865205e-01  1.946757e-01  2.035752e-02  4.428526e-03  2.031095e-02  2.824705e-04 -7.909490e-01  1.743648e-01  4.657117e-05  4.229567e-01  3.704847e+00  1.062437e-01 -3.121095e-03  3.489939e-02  1.208853e-02  4.260778e-01  3.669948e+00  9.415516e-02 
        3   0.17009   0.12926   0.00606   0.96568  1.871784e-01  5.686763e-04 -7.664215e-01  2.017102e-02  5.613949e-04  4.400681e-03  1.670074e-01  7.281457e-06 -7.708222e-01 -7.664215e-01  1.871784e-01  2.017830e-02  4.400681e-03  2.017102e-02  5.613949e-04 -7.708222e-01  1.670074e-01  7.281457e-06  6.866966e-01  3.599477e+00  1.703617e-01 -5.412599e-03  3.464815e-02  2.038919e-02  6.921092e-01  3.564829e+00  1.499725e-01 
        4   0.24226   0.12926   0.00606   0.96577  1.986655e-01  5.600485e-04 -7.904245e-01  2.044643e-02  5.260724e-04  4.455788e-03  1.782190e-01  3.397613e-05 -7.948803e-01 -7.904245e-01  1.986655e-01  2.048041e-02  4.455788e-03  2.044643e-02  5.260724e-04 -7.948803e-01  1.782190e-01  3.397613e-05  9.923160e-01  3.735555e+00  2.520671e-01 -6.970684e-03  3.514142e-02  2.783765e-02  9.992867e-01  3.700414e+00  2.242295e-01 
        5   0.31442   0.12926   0.00606   0.97031  1.935297e-01  4.536484e-04 -7.755761e-01  2.037781e-02  4.516241e-04  4.445156e-03  1.731519e-01  2.024360e-06 -7.800212e-01 -7.755761e-01  1.935297e-01  2.037983e-02  4.445156e-03  2.037781e-02  4.516241e-04 -7.800212e-01  1.731519e-01  2.024360e-06  1.252428e+00  3.659596e+00  3.146571e-01 -8.360288e-03  3.500596e-02  3.476927e-02  1.260789e+00  3.624590e+00  2.798878e-01 
        6   0.38659   0.12926   0.00606   0.97028  1.909758e-01  2.047403e-04 -7.662038e-01  2.027826e-02  3.351567e-04  4.428779e-03  1.706976e-01 -1.304164e-04 -7.706325e-01 -7.662038e-01  1.909758e-01  2.014785e-02  4.428779e-03  2.027826e-02  3.351567e-04 -7.706325e-01  1.706976e-01 -1.304164e-04  1.513135e+00  3.615881e+00  3.780862e-01 -9.621567e-03  3.481331e-02  4.142016e-02  1.522757e+00  3.581067e+00  3.366660e-01 
        7   0.45876   0.12926   0.00606   0.97280  1.861523e-01 -1.256476e-04 -7.534944e-01  2.019951e-02  8.413497e-05  4.407740e-03  1.659528e-01 -2.097826e-04 -7.579022e-01 -7.534944e-01  1.861523e-01  1.998973e-02  4.407740e-03  2.019951e-02  8.413497e-05 -7.579022e-01  1.659528e-01 -2.097826e-04  1.759529e+00  3.553086e+00  4.340596e-01 -1.051007e-02  3.469367e-02  4.750265e-02  1.770039e+00  3.518392e+00  3.865570e-01 
        8   0.53092   0.12926   0.00606   0.97357  1.871250e-01 -4.345355e-04 -7.400078e-01  2.008504e-02 -5.257817e-05  4.395745e-03  1.670400e-01 -3.819573e-04 -7.444036e-01 -7.400078e-01  1.871250e-01  1.970309e-02  4.395745e-03  2.008504e-02 -5.257817e-05 -7.444036e-01  1.670400e-01 -3.819573e-04  1.994595e+00  3.503384e+00  5.022348e-01 -1.170527e-02  3.444445e-02  5.389573e-02  2.006300e+00  3.468939e+00  4.483391e-01 
        9   0.60309   0.12926   0.00606   0.97534  1.796302e-01 -8.223512e-04 -7.273378e-01  1.998898e-02 -2.596115e-04  4.365217e-03  1.596412e-01 -5.627397e-04 -7.317030e-01 -7.273378e-01  1.796302e-01  1.942624e-02  4.365217e-03  1.998898e-02 -2.596115e-04 -7.317030e-01  1.596412e-01 -5.627397e-04  2.222826e+00  3.436182e+00  5.449895e-01 -1.265228e-02  3.431823e-02  5.997770e-02  2.235478e+00  3.401864e+00  4.850118e-01 
       10   0.67525   0.12926   0.00606   0.97512  1.832363e-01 -8.370362e-04 -7.088853e-01  1.982131e-02 -3.948303e-04  4.310160e-03  1.634150e-01 -4.422059e-04 -7.131954e-01 -7.088853e-01  1.832363e-01  1.937910e-02  4.310160e-03  1.982131e-02 -3.948303e-04 -7.131954e-01  1.634150e-01 -4.422059e-04  2.421034e+00  3.371816e+00  6.218318e-01 -1.368053e-02  3.410511e-02  6.603741e-02  2.434714e+00  3.337711e+00  5.557943e-01 
       11   0.74742   0.12926   0.00606   0.97648  1.847165e-01 -1.258414e-03 -6.916845e-01  1.968330e-02 -6.277036e-04  4.330693e-03  1.650332e-01 -6.307102e-04 -6.960152e-01 -6.916845e-01  1.847165e-01  1.905259e-02  4.330693e-03  1.968330e-02 -6.277036e-04 -6.960152e-01  1.650332e-01 -6.307102e-04  2.611337e+00  3.311081e+00  6.911613e-01 -1.470022e-02  3.366278e-02  7.169271e-02  2.626037e+00  3.277419e+00  6.194686e-01 
       12   0.81959   0.12926   0.00606   0.98493  1.708723e-01 -1.201899e-03 -6.401398e-01  1.940489e-02 -9.130526e-04  4.278945e-03  1.514674e-01 -2.888462e-04 -6.444188e-01 -6.401398e-01  1.708723e-01  1.911605e-02  4.278945e-03  1.940489e-02 -9.130526e-04 -6.444188e-01  1.514674e-01 -2.888462e-04  2.647317e+00  3.071553e+00  7.005568e-01 -1.529953e-02  3.314810e-02  7.645617e-02  2.662617e+00  3.038405e+00  6.241007e-01 
       13   0.89175   0.12926   0.00606   0.99063  1.762773e-01 -8.375769e-03 -5.800900e-01  1.899795e-02 -1.519096e-03  4.454853e-03  1.572794e-01 -6.856674e-03 -5.845449e-01 -5.800900e-01  1.762773e-01  1.214128e-02  4.454853e-03  1.899795e-02 -1.519096e-03 -5.845449e-01  1.572794e-01 -6.856674e-03  2.623750e+00  2.846191e+00  7.567094e-01 -1.604936e-02  3.137613e-02  7.914253e-02  2.639799e+00  2.814814e+00  6.775669e-01 
       14   0.96392   0.12926   0.00606   1.09043  3.834988e-02 -1.287764e-02 -7.015781e-01  2.211702e-02 -5.833842e-03  1.872367e-03  1.623286e-02 -7.043796e-03 -7.034504e-01 -7.015781e-01  3.834988e-02  1.507322e-02  1.872367e-03  2.211702e-02 -5.833842e-03 -7.034504e-01  1.623286e-02 -7.043796e-03  3.438659e+00  3.063821e+00  1.347207e-01  6.100795e-03  4.996076e-02  8.360099e-02  3.432558e+00  3.013861e+00  5.111969e-02 



Average loading for wing surface: 5 --> VSP Surface: 5 ... NOTE: values are per area! 

  Station     S       Chord     Area      V/Vref        Cx            Cy            Cz           Cxo           Cyo           Czo          Cxi            Cyi           Czi           Cl            Cd            Cs            Clo           Cdo           Cso           Cli           Cdi           Csi           Cmx           Cmy           Cmz          Cmxo          Cmyo          Cmzo          Cmxi          Cmyi          Cmzi 
        1   0.24304   0.45000   0.01350   1.08628  1.508986e-02 -1.727986e-01  1.857682e-01  1.563999e-02  6.538821e-05 -4.018454e-04 -5.501331e-04 -1.728640e-01  1.861700e-01  1.857682e-01  1.508986e-02 -1.572240e-01 -4.018454e-04  1.563999e-02  6.538821e-05  1.861700e-01 -5.501331e-04 -1.728640e-01  3.726584e-01 -1.378881e-01 -1.555533e-01 -6.196763e-04  9.727795e-03 -2.253515e-02  3.732780e-01 -1.476159e-01 -1.330181e-01 
        2   0.55031   0.45000   0.01350   1.05050  2.411170e-01 -2.046423e-01 -2.770606e-01  1.481216e-02  7.708696e-06 -5.143642e-04  2.263049e-01 -2.046500e-01 -2.765462e-01 -2.770606e-01  2.411170e-01 -1.898378e-01 -5.143642e-04  1.481216e-02  7.708696e-06 -2.765462e-01  2.263049e-01 -2.046500e-01 -2.634262e-01  4.017719e-01 -5.347145e-01 -7.481097e-04  1.031484e-02 -2.138875e-02 -2.626781e-01  3.914571e-01 -5.133257e-01 
        3   0.67879   0.45000   0.01350   0.93099 -7.371143e-02 -2.736188e-02 -3.712509e-01  1.174327e-02 -2.544029e-04 -3.244233e-04 -8.545471e-02 -2.710747e-02 -3.709265e-01 -3.712509e-01 -7.371143e-02 -1.536420e-02 -3.244233e-04  1.174327e-02 -2.544029e-04 -3.709265e-01 -8.545471e-02 -2.710747e-02 -5.154639e-01  2.061667e-01 -9.262962e-03 -2.820492e-04  8.889295e-03 -1.718016e-02 -5.151819e-01  1.972774e-01  7.917198e-03 
        4   0.80728   0.45000   0.01350   0.94698  1.101062e-02  2.030035e-01  9.752994e-02  1.238841e-02 -1.721610e-04 -4.197427e-04 -1.377795e-03  2.031757e-01  9.794968e-02  9.752994e-02  1.101062e-02  2.155641e-01 -4.197427e-04  1.238841e-02 -1.721610e-04  9.794968e-02 -1.377795e-03  2.031757e-01 -2.325660e-02 -1.251062e-01  1.394633e-01 -4.685662e-04  1.026984e-02 -1.804166e-02 -2.278803e-02 -1.353760e-01  1.575049e-01 
        5   0.93576   0.45000   0.01350   0.95219  1.203775e-02  1.545392e-01  5.875859e-03  1.238995e-02 -1.205670e-05 -2.840862e-04 -3.522001e-04  1.545513e-01  6.159945e-03  5.875859e-03  1.203775e-02  1.669412e-01 -2.840862e-04  1.238995e-02 -1.205670e-05  6.159945e-03 -3.522001e-04  1.545513e-01 -1.254300e-01  4.330816e-03  1.118684e-01 -3.998976e-04  1.098101e-02 -1.790692e-02 -1.250301e-01 -6.650197e-03  1.297753e-01 



Average loading for wing surface: 6 --> VSP Surface: 6 ... NOTE: values are per area! 

  Station     S       Chord     Area      V/Vref        Cx            Cy            Cz           Cxo           Cyo           Czo          Cxi            Cyi           Czi           Cl            Cd            Cs            Clo           Cdo           Cso           Cli           Cdi           Csi           Cmx           Cmy           Cmz          Cmxo          Cmyo          Cmzo          Cmxi          Cmyi          Cmzi 
        1   0.24304   0.45000   0.01350   1.06568  1.558301e-02  1.428104e-01  1.912809e-01  1.505745e-02 -2.714926e-05 -7.537027e-04  5.255523e-04  1.428376e-01  1.920346e-01  1.912809e-01  1.558301e-02  1.578951e-01 -7.537027e-04  1.505745e-02 -2.714926e-05  1.920346e-01  5.255523e-04  1.428376e-01 -3.624847e-01 -1.419046e-01  1.265909e-01  1.104971e-03  9.679307e-03  2.172643e-02 -3.635897e-01 -1.515839e-01  1.048645e-01 
        2   0.55031   0.45000   0.01350   1.00551  2.335320e-01  3.058868e-01 -3.184945e-01  1.397332e-02 -2.196014e-04 -1.564664e-03  2.195587e-01  3.061064e-01 -3.169298e-01 -3.184945e-01  2.335320e-01  3.200797e-01 -1.564664e-03  1.397332e-02 -2.196014e-04 -3.169298e-01  2.195587e-01  3.061064e-01  2.528035e-01  4.607490e-01  7.197578e-01  2.406471e-03  1.065420e-02  1.999580e-02  2.503970e-01  4.500948e-01  6.997620e-01 
        3   0.67879   0.45000   0.01350   1.02046 -3.727777e-02  3.658716e-01 -4.380573e-01  1.447527e-02  3.410894e-04 -2.207430e-03 -5.175303e-02  3.655305e-01 -4.358499e-01 -4.380573e-01 -3.727777e-02  3.800058e-01 -2.207430e-03  1.447527e-02  3.410894e-04 -4.358499e-01 -5.175303e-02  3.655305e-01  3.638377e-01  3.296233e-01  5.492932e-01  2.938377e-03  1.250377e-02  2.120054e-02  3.608994e-01  3.171195e-01  5.280926e-01 
        4   0.80728   0.45000   0.01350   0.96861  1.460349e-02 -1.018201e-01  7.760404e-02  1.264639e-02  2.312024e-04 -8.702610e-04  1.957100e-03 -1.020513e-01  7.847430e-02  7.760404e-02  1.460349e-02 -8.940491e-02 -8.702610e-04  1.264639e-02  2.312024e-04  7.847430e-02  1.957100e-03 -1.020513e-01 -2.571828e-02 -9.379799e-02 -9.435976e-04  1.072082e-03  1.086167e-02  1.846481e-02 -2.679036e-02 -1.046597e-01 -1.940841e-02 
        5   0.93576   0.45000   0.01350   0.96359  1.256360e-02 -1.561334e-01  4.847174e-03  1.264608e-02  5.318264e-05 -5.126121e-04 -8.248014e-05 -1.561866e-01  5.359786e-03  4.847174e-03  1.256360e-02 -1.435405e-01 -5.126121e-04  1.264608e-02  5.318264e-05  5.359786e-03 -8.248014e-05 -1.561866e-01  1.278229e-01  5.651525e-03 -1.128535e-01  6.943481e-04  1.139850e-02  1.831206e-02  1.271286e-01 -5.746975e-03 -1.311656e-01 



Time history of loading for wing surface: 1 --> VSP Surface: 1 ... NOTE: values per area! 

  Station    Time       S       Chord     Area      V/Vref        Cx            Cy            Cz           Cxo           Cyo           Czo          Cxi            Cyi           Czi           Cl            Cd            Cs            Clo           Cdo           Cso           Cli           Cdi           Csi           Cmx           Cmy           Cmz          Cmxo          Cmyo          Cmzo          Cmxi          Cmyi          Cmzi 
        1   0.00000   0.06063   0.31995   0.01495   1.02798  4.380256e-02 -1.469787e-04 -8.991155e-01  1.983509e-02 -1.698703e-04  1.006508e-03  2.396747e-02  2.289163e-05 -9.001220e-01 -8.991155e-01  4.380256e-02  1.985798e-02  1.006508e-03  1.983509e-02 -1.698703e-04 -9.001220e-01  2.396747e-02  2.289163e-05 -6.509134e-02  8.729609e-01 -3.323826e-03  2.346990e-04  1.787135e-02 -1.608993e-03 -6.532604e-02  8.550896e-01 -1.714833e-03 
        2   0.00000   0.15506   0.31995   0.01495   1.02792  4.005158e-02 -1.001642e-04 -8.995301e-01  1.983668e-02 -1.765097e-04  1.000478e-03  2.021489e-02  7.634549e-05 -9.005306e-01 -8.995301e-01  4.005158e-02  1.991303e-02  1.000478e-03  1.983668e-02 -1.765097e-04 -9.005306e-01  2.021489e-02  7.634549e-05 -1.956790e-01  8.691445e-01 -8.814517e-03  3.857612e-04  1.787890e-02 -4.494278e-03 -1.960648e-01  8.512656e-01 -4.320240e-03 
        3   0.00000   0.22265   0.31995   0.01495   1.02606  4.159668e-02 -3.208940e-04 -9.027155e-01  1.983714e-02 -3.841800e-04  1.004302e-03  2.175954e-02  6.328598e-05 -9.037198e-01 -9.027155e-01  4.159668e-02  1.990043e-02  1.004302e-03  1.983714e-02 -3.841800e-04 -9.037198e-01  2.175954e-02  6.328598e-05 -3.271840e-01  8.705465e-01 -1.541047e-02  7.299759e-04  1.787551e-02 -7.580612e-03 -3.279140e-01  8.526710e-01 -7.829855e-03 
        4   0.00000   0.29025   0.31995   0.01495   1.02598  3.784899e-02 -3.854777e-04 -9.037788e-01  1.984502e-02 -3.889821e-04  1.004721e-03  1.800397e-02  3.504397e-06 -9.047835e-01 -9.037788e-01  3.784899e-02  1.984852e-02  1.004721e-03  1.984502e-02 -3.889821e-04 -9.047835e-01  1.800397e-02  3.504397e-06 -4.586586e-01  8.665207e-01 -1.960992e-02  8.804950e-04  1.788259e-02 -1.046801e-02 -4.595391e-01  8.486381e-01 -9.141904e-03 
        5   0.00000   0.35784   0.31995   0.01495   1.02202  3.884576e-02 -3.389330e-04 -9.040086e-01  1.978314e-02 -3.411788e-04  1.006129e-03  1.906262e-02  2.245812e-06 -9.050148e-01 -9.040086e-01  3.884576e-02  1.978539e-02  1.006129e-03  1.978314e-02 -3.411788e-04 -9.050148e-01  1.906262e-02  2.245812e-06 -5.900185e-01  8.665711e-01 -2.570456e-02  9.817152e-04  1.782229e-02 -1.325955e-02 -5.910002e-01  8.487488e-01 -1.244501e-02 
        6   0.00000   0.42544   0.31995   0.01495   1.02163  3.860153e-02 -2.748416e-04 -8.987960e-01  1.972060e-02 -3.348973e-04  1.002543e-03  1.888094e-02  6.005575e-05 -8.997986e-01 -8.987960e-01  3.860153e-02  1.978065e-02  1.002543e-03  1.972060e-02 -3.348973e-04 -8.997986e-01  1.888094e-02  6.005575e-05 -7.170959e-01  8.614003e-01 -3.106688e-02  1.118875e-03  1.776635e-02 -1.607411e-02 -7.182148e-01  8.436340e-01 -1.499277e-02 
        7   0.00000   0.49303   0.31995   0.01495   1.01783  3.737521e-02 -1.163599e-04 -8.873646e-01  1.953569e-02 -2.386135e-04  9.952096e-04  1.783952e-02  1.222537e-04 -8.883598e-01 -8.873646e-01  3.737521e-02  1.965794e-02  9.952096e-04  1.953569e-02 -2.386135e-04 -8.883598e-01  1.783952e-02  1.222537e-04 -8.368773e-01  8.506853e-01 -3.533223e-02  1.165803e-03  1.759770e-02 -1.866512e-02 -8.380431e-01  8.330876e-01 -1.666710e-02 
        8   0.00000   0.56063   0.31995   0.01495   1.01774  4.031586e-02 -1.756227e-05 -8.707944e-01  1.936028e-02 -2.333280e-04  9.869821e-04  2.095558e-02  2.157657e-04 -8.717813e-01 -8.707944e-01  4.031586e-02  1.957605e-02  9.869821e-04  1.936028e-02 -2.333280e-04 -8.717813e-01  2.095558e-02  2.157657e-04 -9.477169e-01  8.384048e-01 -4.383386e-02  1.296234e-03  1.743898e-02 -2.130378e-02 -9.490131e-01  8.209658e-01 -2.253008e-02 
        9   0.00000   0.62823   0.31995   0.01495   1.01489  3.719512e-02  8.812878e-05 -8.457415e-01  1.905026e-02 -1.982166e-04  9.723932e-04  1.814486e-02  2.863454e-04 -8.467139e-01 -8.457415e-01  3.719512e-02  1.933661e-02  9.723932e-04  1.905026e-02 -1.982166e-04 -8.467139e-01  1.814486e-02  2.863454e-04 -1.043256e+00  8.150961e-01 -4.572043e-02  1.388045e-03  1.715852e-02 -2.369568e-02 -1.044644e+00  7.979376e-01 -2.202475e-02 
       10   0.00000   0.69582   0.31995   0.01495   1.01429  4.308470e-02  1.491945e-04 -8.187907e-01  1.877074e-02 -1.863052e-04  9.586395e-04  2.431397e-02  3.354996e-04 -8.197493e-01 -8.187907e-01  4.308470e-02  1.910624e-02  9.586395e-04  1.877074e-02 -1.863052e-04 -8.197493e-01  2.431397e-02  3.354996e-04 -1.128913e+00  7.986867e-01 -5.919572e-02  1.498854e-03  1.690624e-02 -2.606285e-02 -1.130412e+00  7.817805e-01 -3.313287e-02 
       11   0.00000   0.76342   0.31995   0.01495   1.01273  3.946291e-02  6.333971e-05 -7.810498e-01  1.837268e-02 -2.372296e-04  9.465377e-04  2.109023e-02  3.005693e-04 -7.819963e-01 -7.810498e-01  3.946291e-02  1.867325e-02  9.465377e-04  1.837268e-02 -2.372296e-04 -7.819963e-01  2.109023e-02  3.005693e-04 -1.190142e+00  7.668607e-01 -6.002531e-02  1.667991e-03  1.653949e-02 -2.823110e-02 -1.191810e+00  7.503213e-01 -3.179420e-02 
       12   0.00000   0.83101   0.31995   0.01495   1.01225  4.769580e-02  4.826216e-05 -7.380320e-01  1.796937e-02 -2.342872e-04  9.277018e-04  2.972643e-02  2.825493e-04 -7.389597e-01 -7.380320e-01  4.769580e-02  1.825192e-02  9.277018e-04  1.796937e-02 -2.342872e-04 -7.389597e-01  2.972643e-02  2.825493e-04 -1.231702e+00  7.379287e-01 -7.940371e-02  1.771111e-03  1.617448e-02 -3.022122e-02 -1.233473e+00  7.217543e-01 -4.918249e-02 
       13   0.00000   0.89861   0.31995   0.01495   1.01296  4.598651e-02  2.985388e-03 -6.793540e-01  1.747299e-02 -3.530940e-04  9.254554e-04  2.851352e-02  3.338482e-03 -6.802794e-01 -6.793540e-01  4.598651e-02  2.081147e-02  9.254554e-04  1.747299e-02 -3.530940e-04 -6.802794e-01  2.851352e-02  3.338482e-03 -1.235019e+00  6.878828e-01 -7.960536e-02  2.014729e-03  1.570430e-02 -3.204718e-02 -1.237034e+00  6.721785e-01 -4.755818e-02 
       14   0.00000   0.96620   0.31995   0.01495   1.01883  4.338481e-02  3.072994e-03 -6.155329e-01  1.709527e-02 -8.935959e-05  9.545310e-04  2.628954e-02  3.162353e-03 -6.164874e-01 -6.155329e-01  4.338481e-02  2.025762e-02  9.545310e-04  1.709527e-02 -8.935959e-05 -6.164874e-01  2.628954e-02  3.162353e-03 -1.208613e+00  6.460015e-01 -8.124326e-02  1.954978e-03  1.531574e-02 -3.357906e-02 -1.210568e+00  6.306857e-01 -4.766421e-02 



Time history of loading for wing surface: 2 --> VSP Surface: 2 ... NOTE: values per area! 

  Station    Time       S       Chord     Area      V/Vref        Cx            Cy            Cz           Cxo           Cyo           Czo          Cxi            Cyi           Czi           Cl            Cd            Cs            Clo           Cdo           Cso           Cli           Cdi           Csi           Cmx           Cmy           Cmz          Cmxo          Cmyo          Cmzo          Cmxi          Cmyi          Cmzi 
        1   0.00000   0.06063   0.31995   0.01495   1.02779  4.405566e-02  1.755684e-04 -8.995786e-01  1.983625e-02  2.067429e-04  1.014154e-03  2.421941e-02 -3.117446e-05 -9.005928e-01 -8.995786e-01  4.405566e-02  1.980507e-02  1.014154e-03  1.983625e-02  2.067429e-04 -9.005928e-01  2.421941e-02 -3.117446e-05  6.509545e-02  8.735488e-01  3.368874e-03 -2.703466e-04  1.786481e-02  1.645943e-03  6.536580e-02  8.556840e-01  1.722931e-03 
        2   0.00000   0.15506   0.31995   0.01495   1.02767  4.041855e-02  1.119209e-04 -9.007408e-01  1.984482e-02  2.078896e-04  1.010584e-03  2.057374e-02 -9.596869e-05 -9.017514e-01 -9.007408e-01  4.041855e-02  1.974885e-02  1.010584e-03  1.984482e-02  2.078896e-04 -9.017514e-01  2.057374e-02 -9.596869e-05  1.959296e-01  8.705996e-01  8.901968e-03 -4.178264e-04  1.787653e-02  4.527422e-03  1.963474e-01  8.527231e-01  4.374545e-03 
        3   0.00000   0.22265   0.31995   0.01495   1.02547  4.212417e-02  3.194795e-04 -9.043325e-01  1.984379e-02  4.098729e-04  1.019975e-03  2.228038e-02 -9.039338e-05 -9.053524e-01 -9.043325e-01  4.212417e-02  1.975339e-02  1.019975e-03  1.984379e-02  4.098729e-04 -9.053524e-01  2.228038e-02 -9.039338e-05  3.277730e-01  8.725674e-01  1.559331e-02 -7.601146e-04  1.786617e-02  7.608712e-03  3.285331e-01  8.547012e-01  7.984594e-03 
        4   0.00000   0.29025   0.31995   0.01495   1.02532  3.861930e-02  3.868311e-04 -9.057111e-01  1.985402e-02  4.146096e-04  1.023380e-03  1.876528e-02 -2.777844e-05 -9.067344e-01 -9.057111e-01  3.861930e-02  1.982624e-02  1.023380e-03  1.985402e-02  4.146096e-04 -9.067344e-01  1.876528e-02 -2.777844e-05  4.596399e-01  8.691230e-01  1.999610e-02 -9.143622e-04  1.787250e-02  1.049821e-02  4.605543e-01  8.512506e-01  9.497896e-03 
        5   0.00000   0.35784   0.31995   0.01495   1.02105  3.968668e-02  3.675472e-04 -9.056676e-01  1.978418e-02  3.659997e-04  1.031336e-03  1.990250e-02  1.547473e-06 -9.066989e-01 -9.056676e-01  3.968668e-02  1.978573e-02  1.031336e-03  1.978418e-02  3.659997e-04 -9.066989e-01  1.990250e-02  1.547473e-06  5.910760e-01  8.688642e-01  2.628483e-02 -1.021798e-03  1.779808e-02  1.328505e-02  5.920978e-01  8.510661e-01  1.299979e-02 
        6   0.00000   0.42544   0.31995   0.01495   1.02059  3.970696e-02  3.623404e-04 -9.003652e-01  1.971930e-02  3.599081e-04  1.031400e-03  1.998766e-02  2.432350e-06 -9.013966e-01 -9.003652e-01  3.970696e-02  1.972173e-02  1.031400e-03  1.971930e-02  3.599081e-04 -9.013966e-01  1.998766e-02  2.432350e-06  7.182677e-01  8.638476e-01  3.205726e-02 -1.165710e-03  1.773626e-02  1.609808e-02  7.194334e-01  8.461113e-01  1.595918e-02 
        7   0.00000   0.49303   0.31995   0.01495   1.01630  3.853712e-02  2.883269e-04 -8.885067e-01  1.952138e-02  2.645983e-04  1.030972e-03  1.901575e-02  2.372864e-05 -8.895376e-01 -8.885067e-01  3.853712e-02  1.954510e-02  1.030972e-03  1.952138e-02  2.645983e-04 -8.895376e-01  1.901575e-02  2.372864e-05  8.377928e-01  8.527329e-01  3.664855e-02 -1.224265e-03  1.754832e-02  1.867760e-02  8.390171e-01  8.351846e-01  1.797095e-02 
        8   0.00000   0.56063   0.31995   0.01495   1.01586  4.180370e-02  2.946748e-04 -8.713759e-01  1.933341e-02  2.586689e-04  1.025148e-03  2.247029e-02  3.600589e-05 -8.724011e-01 -8.713759e-01  4.180370e-02  1.936941e-02  1.025148e-03  1.933341e-02  2.586689e-04 -8.724011e-01  2.247029e-02  3.600589e-05  9.480887e-01  8.400592e-01  4.580627e-02 -1.361889e-03  1.737525e-02  2.129987e-02  9.494506e-01  8.226840e-01  2.450640e-02 
        9   0.00000   0.62823   0.31995   0.01495   1.01238  3.858807e-02  2.988993e-04 -8.450260e-01  1.899786e-02  2.244509e-04  1.017090e-03  1.959020e-02  7.444841e-05 -8.460431e-01 -8.450260e-01  3.858807e-02  1.907231e-02  1.017090e-03  1.899786e-02  2.244509e-04 -8.460431e-01  1.959020e-02  7.444841e-05  1.042009e+00  8.150741e-01  4.792799e-02 -1.468145e-03  1.706395e-02  2.365728e-02  1.043477e+00  7.980101e-01  2.427071e-02 
       10   0.00000   0.69582   0.31995   0.01495   1.01152  4.479998e-02  5.339029e-04 -8.168007e-01  1.870001e-02  2.137524e-04  1.008169e-03  2.609998e-02  3.201505e-04 -8.178088e-01 -8.168007e-01  4.479998e-02  1.902016e-02  1.008169e-03  1.870001e-02  2.137524e-04 -8.178088e-01  2.609998e-02  3.201505e-04  1.125530e+00  7.973397e-01  6.244515e-02 -1.593256e-03  1.678940e-02  2.599278e-02  1.127123e+00  7.805503e-01  3.645237e-02 
       11   0.00000   0.76342   0.31995   0.01495   1.00826  4.137962e-02  9.967959e-04 -7.786583e-01  1.826517e-02  2.689022e-04  1.005359e-03  2.311445e-02  7.278938e-04 -7.796636e-01 -7.786583e-01  4.137962e-02  1.899307e-02  1.005359e-03  1.826517e-02  2.689022e-04 -7.796636e-01  2.311445e-02  7.278938e-04  1.185495e+00  7.655610e-01  6.433485e-02 -1.787759e-03  1.637836e-02  2.809896e-02  1.187282e+00  7.491826e-01  3.623588e-02 
       12   0.00000   0.83101   0.31995   0.01495   1.00698  4.967856e-02  1.724589e-03 -7.333439e-01  1.782292e-02  2.632582e-04  9.992819e-04  3.185564e-02  1.461330e-03 -7.343432e-01 -7.333439e-01  4.967856e-02  1.928425e-02  9.992819e-04  1.782292e-02  2.632582e-04 -7.343432e-01  3.185564e-02  1.461330e-03  1.222212e+00  7.336433e-01  8.507735e-02 -1.918135e-03  1.596353e-02  3.000578e-02  1.224130e+00  7.176798e-01  5.507156e-02 
       13   0.00000   0.89861   0.31995   0.01495   1.00416  4.882551e-02  2.836343e-04 -6.766976e-01  1.726926e-02  3.881843e-04  1.015202e-03  3.155625e-02 -1.045500e-04 -6.777128e-01 -6.766976e-01  4.882551e-02  1.716471e-02  1.015202e-03  1.726926e-02  3.881843e-04 -6.777128e-01  3.155625e-02 -1.045500e-04  1.227037e+00  6.873314e-01  8.914262e-02 -2.210915e-03  1.542067e-02  3.171272e-02  1.229248e+00  6.719107e-01  5.742991e-02 
       14   0.00000   0.96620   0.31995   0.01495   1.00840  4.717660e-02 -9.953044e-04 -6.118998e-01  1.684054e-02  9.936718e-05  1.067249e-03  3.033606e-02 -1.094672e-03 -6.129670e-01 -6.118998e-01  4.717660e-02  1.574587e-02  1.067249e-03  1.684054e-02  9.936718e-05 -6.129670e-01  3.033606e-02 -1.094672e-03  1.199511e+00  6.439861e-01  9.147168e-02 -2.185318e-03  1.496061e-02  3.309006e-02  1.201697e+00  6.290255e-01  5.838162e-02 



Time history of loading for wing surface: 3 --> VSP Surface: 3 ... NOTE: values per area! 

  Station    Time       S       Chord     Area      V/Vref        Cx            Cy            Cz           Cxo           Cyo           Czo          Cxi            Cyi           Czi           Cl            Cd            Cs            Clo           Cdo           Cso           Cli           Cdi           Csi           Cmx           Cmy           Cmz          Cmxo          Cmyo          Cmzo          Cmxi          Cmyi          Cmzi 
        1   0.00000   0.03092   0.12926   0.00606   0.96193  1.977138e-01 -1.864241e-04 -7.916311e-01  2.038442e-02 -1.617247e-04  4.442453e-03  1.773294e-01 -2.469942e-05 -7.960736e-01 -7.916311e-01  1.977138e-01  2.035972e-02  4.442453e-03  2.038442e-02 -1.617247e-04 -7.960736e-01  1.773294e-01 -2.469942e-05 -1.416972e-01  3.733245e+00 -3.627425e-02  1.218685e-03  3.503411e-02 -4.316601e-03 -1.429159e-01  3.698211e+00 -3.195765e-02 
        2   0.00000   0.09793   0.12926   0.00606   0.96157  1.945927e-01 -2.292082e-04 -7.882321e-01  2.033630e-02 -2.179969e-04  4.419716e-03  1.742564e-01 -1.121124e-05 -7.926519e-01 -7.882321e-01  1.945927e-01  2.032509e-02  4.419716e-03  2.033630e-02 -2.179969e-04 -7.926519e-01  1.742564e-01 -1.121124e-05 -4.241296e-01  3.711362e+00 -1.057839e-01  2.948582e-03  3.500106e-02 -1.184083e-02 -4.270782e-01  3.676361e+00 -9.394303e-02 
        3   0.00000   0.17009   0.12926   0.00606   0.96612  1.876990e-01 -5.093496e-04 -7.701311e-01  2.022327e-02 -5.159025e-04  4.395686e-03  1.674758e-01  6.552834e-06 -7.745267e-01 -7.701311e-01  1.876990e-01  2.022983e-02  4.395686e-03  2.022327e-02 -5.159025e-04 -7.745267e-01  1.674758e-01  6.552834e-06 -6.901932e-01  3.615144e+00 -1.705908e-01  5.289738e-03  3.480438e-02 -2.025171e-02 -6.954829e-01  3.580340e+00 -1.503391e-01 
        4   0.00000   0.24226   0.12926   0.00606   0.96616  1.989191e-01 -5.159389e-04 -7.960622e-01  2.051926e-02 -4.848861e-04  4.450137e-03  1.783999e-01 -3.105283e-05 -8.005124e-01 -7.960622e-01  1.989191e-01  2.048821e-02  4.450137e-03  2.051926e-02 -4.848861e-04 -8.005124e-01  1.783999e-01 -3.105283e-05 -9.995128e-01  3.758110e+00 -2.522030e-01  6.856408e-03  3.535384e-02 -2.776226e-02 -1.006369e+00  3.722756e+00 -2.244408e-01 
        5   0.00000   0.31442   0.12926   0.00606   0.97088  1.946387e-01 -4.155418e-04 -7.837033e-01  2.048047e-02 -4.113582e-04  4.443396e-03  1.741582e-01 -4.183630e-06 -7.881467e-01 -7.837033e-01  1.946387e-01  2.047628e-02  4.443396e-03  2.048047e-02 -4.113582e-04 -7.881467e-01  1.741582e-01 -4.183630e-06 -1.265669e+00  3.694271e+00 -3.162979e-01  8.252668e-03  3.528022e-02 -3.477198e-02 -1.273922e+00  3.658991e+00 -2.815259e-01 
        6   0.00000   0.38659   0.12926   0.00606   0.97083  1.921339e-01 -2.202310e-04 -7.775577e-01  2.041326e-02 -3.004612e-04  4.428679e-03  1.717206e-01  8.023014e-05 -7.819864e-01 -7.775577e-01  1.921339e-01  2.049349e-02  4.428679e-03  2.041326e-02 -3.004612e-04 -7.819864e-01  1.717206e-01  8.023014e-05 -1.535538e+00  3.663533e+00 -3.804491e-01  9.531089e-03  3.516499e-02 -4.154621e-02 -1.545069e+00  3.628369e+00 -3.389028e-01 
        7   0.00000   0.45876   0.12926   0.00606   0.97380  1.888426e-01  1.101295e-04 -7.696565e-01  2.039156e-02 -3.375340e-05  4.424600e-03  1.684511e-01  1.438829e-04 -7.740811e-01 -7.696565e-01  1.888426e-01  2.053544e-02  4.424600e-03  2.039156e-02 -3.375340e-05 -7.740811e-01  1.684511e-01  1.438829e-04 -1.797242e+00  3.623199e+00 -4.404278e-01  1.041834e-02  3.512507e-02 -4.774683e-02 -1.807660e+00  3.588074e+00 -3.926810e-01 
        8   0.00000   0.53092   0.12926   0.00606   0.97440  1.891149e-01  2.529878e-04 -7.618473e-01  2.032988e-02  1.047854e-04  4.398973e-03  1.687850e-01  1.482024e-04 -7.662462e-01 -7.618473e-01  1.891149e-01  2.047809e-02  4.398973e-03  2.032988e-02  1.047854e-04 -7.662462e-01  1.687850e-01  1.482024e-04 -2.053030e+00  3.593624e+00 -5.084243e-01  1.157812e-02  3.506846e-02 -5.434369e-02 -2.064608e+00  3.558556e+00 -4.540807e-01 
        9   0.00000   0.60309   0.12926   0.00606   0.97717  1.848077e-01  4.196102e-04 -7.571624e-01  2.032977e-02  3.415393e-04  4.412482e-03  1.644779e-01  7.807092e-05 -7.615749e-01 -7.571624e-01  1.848077e-01  2.040784e-02  4.412482e-03  2.032977e-02  3.415393e-04 -7.615749e-01  1.644779e-01  7.807092e-05 -2.312879e+00  3.565820e+00 -5.625510e-01  1.258341e-02  3.501339e-02 -6.068608e-02 -2.325462e+00  3.530807e+00 -5.018649e-01 
       10   0.00000   0.67525   0.12926   0.00606   0.97730  1.919366e-01  5.178103e-04 -7.537258e-01  2.031120e-02  4.723964e-04  4.410547e-03  1.716254e-01  4.541394e-05 -7.581363e-01 -7.537258e-01  1.919366e-01  2.035661e-02  4.410547e-03  2.031120e-02  4.723964e-04 -7.581363e-01  1.716254e-01  4.541394e-05 -2.573418e+00  3.570596e+00 -6.528819e-01  1.382126e-02  3.497292e-02 -6.739468e-02 -2.587239e+00  3.535623e+00 -5.854872e-01 
       11   0.00000   0.74742   0.12926   0.00606   0.97991  1.932976e-01  6.939481e-04 -7.597001e-01  2.042425e-02  7.268506e-04  4.424492e-03  1.728733e-01 -3.290255e-05 -7.641246e-01 -7.597001e-01  1.932976e-01  2.039135e-02  4.424492e-03  2.042425e-02  7.268506e-04 -7.641246e-01  1.728733e-01 -3.290255e-05 -2.866873e+00  3.600302e+00 -7.261728e-01  1.479600e-02  3.521056e-02 -7.408534e-02 -2.881669e+00  3.565092e+00 -6.520874e-01 
       12   0.00000   0.81959   0.12926   0.00606   0.98695  1.962205e-01  1.876170e-03 -7.581841e-01  2.054861e-02  9.601763e-04  4.517817e-03  1.756719e-01  9.159937e-04 -7.627019e-01 -7.581841e-01  1.962205e-01  2.146460e-02  4.517817e-03  2.054861e-02  9.601763e-04 -7.627019e-01  1.756719e-01  9.159937e-04 -3.137758e+00  3.604471e+00 -8.032329e-01  1.616364e-02  3.515585e-02 -8.098958e-02 -3.153921e+00  3.569315e+00 -7.222433e-01 
       13   0.00000   0.89175   0.12926   0.00606   0.98151  2.086168e-01  7.209901e-03 -7.776279e-01  2.061085e-02  1.336129e-03  4.606622e-03  1.880059e-01  5.873772e-03 -7.822345e-01 -7.776279e-01  2.086168e-01  2.648462e-02  4.606622e-03  2.061085e-02  1.336129e-03 -7.822345e-01  1.880059e-01  5.873772e-03 -3.510383e+00  3.704568e+00 -9.063648e-01  1.720690e-02  3.495783e-02 -8.712608e-02 -3.527590e+00  3.669610e+00 -8.192387e-01 
       14   0.00000   0.96392   0.12926   0.00606   0.96096  2.115456e-01  7.737998e-03 -8.197224e-01  2.040313e-02  2.845081e-03  4.966695e-03  1.911424e-01  4.892917e-03 -8.246891e-01 -8.197224e-01  2.115456e-01  2.529605e-02  4.966695e-03  2.040313e-02  2.845081e-03 -8.246891e-01  1.911424e-01  4.892917e-03 -3.994270e+00  3.881174e+00 -9.930011e-01  1.668121e-02  3.295771e-02 -8.740545e-02 -4.010951e+00  3.848217e+00 -9.055957e-01 



Time history of loading for wing surface: 4 --> VSP Surface: 4 ... NOTE: values per area! 

  Station    Time       S       Chord     Area      V/Vref        Cx            Cy            Cz           Cxo           Cyo           Czo          Cxi            Cyi           Czi           Cl            Cd            Cs            Clo           Cdo           Cso           Cli           Cdi           Csi           Cmx           Cmy           Cmz          Cmxo          Cmyo          Cmzo          Cmxi          Cmyi          Cmzi 
        1   0.00000   0.03092   0.12926   0.00606   0.96196  1.976845e-01  2.914233e-04 -7.915837e-01  2.038285e-02  2.474978e-04  4.446796e-03  1.773016e-01  4.392547e-05 -7.960305e-01 -7.915837e-01  1.976845e-01  2.042678e-02  4.446796e-03  2.038285e-02  2.474978e-04 -7.960305e-01  1.773016e-01  4.392547e-05  1.414221e-01  3.733144e+00  3.670323e-02 -1.442655e-03  3.501243e-02  4.664014e-03  1.428648e-01  3.698132e+00  3.203921e-02 
        2   0.00000   0.09793   0.12926   0.00606   0.96137  1.946757e-01  3.290416e-04 -7.865205e-01  2.031095e-02  2.824705e-04  4.428526e-03  1.743648e-01  4.657117e-05 -7.909490e-01 -7.865205e-01  1.946757e-01  2.035752e-02  4.428526e-03  2.031095e-02  2.824705e-04 -7.909490e-01  1.743648e-01  4.657117e-05  4.229567e-01  3.704847e+00  1.062437e-01 -3.121095e-03  3.489939e-02  1.208853e-02  4.260778e-01  3.669948e+00  9.415516e-02 
        3   0.00000   0.17009   0.12926   0.00606   0.96568  1.871784e-01  5.686763e-04 -7.664215e-01  2.017102e-02  5.613949e-04  4.400681e-03  1.670074e-01  7.281457e-06 -7.708222e-01 -7.664215e-01  1.871784e-01  2.017830e-02  4.400681e-03  2.017102e-02  5.613949e-04 -7.708222e-01  1.670074e-01  7.281457e-06  6.866966e-01  3.599477e+00  1.703617e-01 -5.412599e-03  3.464815e-02  2.038919e-02  6.921092e-01  3.564829e+00  1.499725e-01 
        4   0.00000   0.24226   0.12926   0.00606   0.96577  1.986655e-01  5.600485e-04 -7.904245e-01  2.044643e-02  5.260724e-04  4.455788e-03  1.782190e-01  3.397613e-05 -7.948803e-01 -7.904245e-01  1.986655e-01  2.048041e-02  4.455788e-03  2.044643e-02  5.260724e-04 -7.948803e-01  1.782190e-01  3.397613e-05  9.923160e-01  3.735555e+00  2.520671e-01 -6.970684e-03  3.514142e-02  2.783765e-02  9.992867e-01  3.700414e+00  2.242295e-01 
        5   0.00000   0.31442   0.12926   0.00606   0.97031  1.935297e-01  4.536484e-04 -7.755761e-01  2.037781e-02  4.516241e-04  4.445156e-03  1.731519e-01  2.024360e-06 -7.800212e-01 -7.755761e-01  1.935297e-01  2.037983e-02  4.445156e-03  2.037781e-02  4.516241e-04 -7.800212e-01  1.731519e-01  2.024360e-06  1.252428e+00  3.659596e+00  3.146571e-01 -8.360288e-03  3.500596e-02  3.476927e-02  1.260789e+00  3.624590e+00  2.798878e-01 
        6   0.00000   0.38659   0.12926   0.00606   0.97028  1.909758e-01  2.047403e-04 -7.662038e-01  2.027826e-02  3.351567e-04  4.428779e-03  1.706976e-01 -1.304164e-04 -7.706325e-01 -7.662038e-01  1.909758e-01  2.014785e-02  4.428779e-03  2.027826e-02  3.351567e-04 -7.706325e-01  1.706976e-01 -1.304164e-04  1.513135e+00  3.615881e+00  3.780862e-01 -9.621567e-03  3.481331e-02  4.142016e-02  1.522757e+00  3.581067e+00  3.366660e-01 
        7   0.00000   0.45876   0.12926   0.00606   0.97280  1.861523e-01 -1.256476e-04 -7.534944e-01  2.019951e-02  8.413497e-05  4.407740e-03  1.659528e-01 -2.097826e-04 -7.579022e-01 -7.534944e-01  1.861523e-01  1.998973e-02  4.407740e-03  2.019951e-02  8.413497e-05 -7.579022e-01  1.659528e-01 -2.097826e-04  1.759529e+00  3.553086e+00  4.340596e-01 -1.051007e-02  3.469367e-02  4.750265e-02  1.770039e+00  3.518392e+00  3.865570e-01 
        8   0.00000   0.53092   0.12926   0.00606   0.97357  1.871250e-01 -4.345355e-04 -7.400078e-01  2.008504e-02 -5.257817e-05  4.395745e-03  1.670400e-01 -3.819573e-04 -7.444036e-01 -7.400078e-01  1.871250e-01  1.970309e-02  4.395745e-03  2.008504e-02 -5.257817e-05 -7.444036e-01  1.670400e-01 -3.819573e-04  1.994595e+00  3.503384e+00  5.022348e-01 -1.170527e-02  3.444445e-02  5.389573e-02  2.006300e+00  3.468939e+00  4.483391e-01 
        9   0.00000   0.60309   0.12926   0.00606   0.97534  1.796302e-01 -8.223512e-04 -7.273378e-01  1.998898e-02 -2.596115e-04  4.365217e-03  1.596412e-01 -5.627397e-04 -7.317030e-01 -7.273378e-01  1.796302e-01  1.942624e-02  4.365217e-03  1.998898e-02 -2.596115e-04 -7.317030e-01  1.596412e-01 -5.627397e-04  2.222826e+00  3.436182e+00  5.449895e-01 -1.265228e-02  3.431823e-02  5.997770e-02  2.235478e+00  3.401864e+00  4.850118e-01 
       10   0.00000   0.67525   0.12926   0.00606   0.97512  1.832363e-01 -8.370362e-04 -7.088853e-01  1.982131e-02 -3.948303e-04  4.310160e-03  1.634150e-01 -4.422059e-04 -7.131954e-01 -7.088853e-01  1.832363e-01  1.937910e-02  4.310160e-03  1.982131e-02 -3.948303e-04 -7.131954e-01  1.634150e-01 -4.422059e-04  2.421034e+00  3.371816e+00  6.218318e-01 -1.368053e-02  3.410511e-02  6.603741e-02  2.434714e+00  3.337711e+00  5.557943e-01 
       11   0.00000   0.74742   0.12926   0.00606   0.97648  1.847165e-01 -1.258414e-03 -6.916845e-01  1.968330e-02 -6.277036e-04  4.330693e-03  1.650332e-01 -6.307102e-04 -6.960152e-01 -6.916845e-01  1.847165e-01  1.905259e-02  4.330693e-03  1.968330e-02 -6.277036e-04 -6.960152e-01  1.650332e-01 -6.307102e-04  2.611337e+00  3.311081e+00  6.911613e-01 -1.470022e-02  3.366278e-02  7.169271e-02  2.626037e+00  3.277419e+00  6.194686e-01 
       12   0.00000   0.81959   0.12926   0.00606   0.98493  1.708723e-01 -1.201899e-03 -6.401398e-01  1.940489e-02 -9.130526e-04  4.278945e-03  1.514674e-01 -2.888462e-04 -6.444188e-01 -6.401398e-01  1.708723e-01  1.911605e-02  4.278945e-03  1.940489e-02 -9.130526e-04 -6.444188e-01  1.514674e-01 -2.888462e-04  2.647317e+00  3.071553e+00  7.005568e-01 -1.529953e-02  3.314810e-02  7.645617e-02  2.662617e+00  3.038405e+00  6.241007e-01 
       13   0.00000   0.89175   0.12926   0.00606   0.99063  1.762773e-01 -8.375769e-03 -5.800900e-01  1.899795e-02 -1.519096e-03  4.454853e-03  1.572794e-01 -6.856674e-03 -5.845449e-01 -5.800900e-01  1.762773e-01  1.214128e-02  4.454853e-03  1.899795e-02 -1.519096e-03 -5.845449e-01  1.572794e-01 -6.856674e-03  2.623750e+00  2.846191e+00  7.567094e-01 -1.604936e-02  3.137613e-02  7.914253e-02  2.639799e+00  2.814814e+00  6.775669e-01 
       14   0.00000   0.96392   0.12926   0.00606   1.09043  3.834988e-02 -1.287764e-02 -7.015781e-01  2.211702e-02 -5.833842e-03  1.872367e-03  1.623286e-02 -7.043796e-03 -7.034504e-01 -7.015781e-01  3.834988e-02  1.507322e-02  1.872367e-03  2.211702e-02 -5.833842e-03 -7.034504e-01  1.623286e-02 -7.043796e-03  3.438659e+00  3.063821e+00  1.347207e-01  6.100795e-03  4.996076e-02  8.360099e-02  3.432558e+00  3.013861e+00  5.111969e-02 



Time history of loading for wing surface: 5 --> VSP Surface: 5 ... NOTE: values per area! 

  Station    Time       S       Chord     Area      V/Vref        Cx            Cy            Cz           Cxo           Cyo           Czo          Cxi            Cyi           Czi           Cl            Cd            Cs            Clo           Cdo           Cso           Cli           Cdi           Csi           Cmx           Cmy           Cmz          Cmxo          Cmyo          Cmzo          Cmxi          Cmyi          Cmzi 
        1   0.00000   0.24304   0.45000   0.01350   1.08628  1.508986e-02 -1.727986e-01  1.857682e-01  1.563999e-02  6.538821e-05 -4.018454e-04 -5.501331e-04 -1.728640e-01  1.861700e-01  1.857682e-01  1.508986e-02 -1.572240e-01 -4.018454e-04  1.563999e-02  6.538821e-05  1.861700e-01 -5.501331e-04 -1.728640e-01  3.726584e-01 -1.378881e-01 -1.555533e-01 -6.196763e-04  9.727795e-03 -2.253515e-02  3.732780e-01 -1.476159e-01 -1.330181e-01 
        2   0.00000   0.55031   0.45000   0.01350   1.05050  2.411170e-01 -2.046423e-01 -2.770606e-01  1.481216e-02  7.708696e-06 -5.143642e-04  2.263049e-01 -2.046500e-01 -2.765462e-01 -2.770606e-01  2.411170e-01 -1.898378e-01 -5.143642e-04  1.481216e-02  7.708696e-06 -2.765462e-01  2.263049e-01 -2.046500e-01 -2.634262e-01  4.017719e-01 -5.347145e-01 -7.481097e-04  1.031484e-02 -2.138875e-02 -2.626781e-01  3.914571e-01 -5.133257e-01 
        3   0.00000   0.67879   0.45000   0.01350   0.93099 -7.371143e-02 -2.736188e-02 -3.712509e-01  1.174327e-02 -2.544029e-04 -3.244233e-04 -8.545471e-02 -2.710747e-02 -3.709265e-01 -3.712509e-01 -7.371143e-02 -1.536420e-02 -3.244233e-04  1.174327e-02 -2.544029e-04 -3.709265e-01 -8.545471e-02 -2.710747e-02 -5.154639e-01  2.061667e-01 -9.262962e-03 -2.820492e-04  8.889295e-03 -1.718016e-02 -5.151819e-01  1.972774e-01  7.917198e-03 
        4   0.00000   0.80728   0.45000   0.01350   0.94698  1.101062e-02  2.030035e-01  9.752994e-02  1.238841e-02 -1.721610e-04 -4.197427e-04 -1.377795e-03  2.031757e-01  9.794968e-02  9.752994e-02  1.101062e-02  2.155641e-01 -4.197427e-04  1.238841e-02 -1.721610e-04  9.794968e-02 -1.377795e-03  2.031757e-01 -2.325660e-02 -1.251062e-01  1.394633e-01 -4.685662e-04  1.026984e-02 -1.804166e-02 -2.278803e-02 -1.353760e-01  1.575049e-01 
        5   0.00000   0.93576   0.45000   0.01350   0.95219  1.203775e-02  1.545392e-01  5.875859e-03  1.238995e-02 -1.205670e-05 -2.840862e-04 -3.522001e-04  1.545513e-01  6.159945e-03  5.875859e-03  1.203775e-02  1.669412e-01 -2.840862e-04  1.238995e-02 -1.205670e-05  6.159945e-03 -3.522001e-04  1.545513e-01 -1.254300e-01  4.330816e-03  1.118684e-01 -3.998976e-04  1.098101e-02 -1.790692e-02 -1.250301e-01 -6.650197e-03  1.297753e-01 



Time history of loading for wing surface: 6 --> VSP Surface: 6 ... NOTE: values per area! 

  Station    Time       S       Chord     Area      V/Vref        Cx            Cy            Cz           Cxo           Cyo           Czo          Cxi            Cyi           Czi           Cl            Cd            Cs            Clo           Cdo           Cso           Cli           Cdi           Csi           Cmx           Cmy           Cmz          Cmxo          Cmyo          Cmzo          Cmxi          Cmyi          Cmzi 
        1   0.00000   0.24304   0.45000   0.01350   1.06568  1.558301e-02  1.428104e-01  1.912809e-01  1.505745e-02 -2.714926e-05 -7.537027e-04  5.255523e-04  1.428376e-01  1.920346e-01  1.912809e-01  1.558301e-02  1.578951e-01 -7.537027e-04  1.505745e-02 -2.714926e-05  1.920346e-01  5.255523e-04  1.428376e-01 -3.624847e-01 -1.419046e-01  1.265909e-01  1.104971e-03  9.679307e-03  2.172643e-02 -3.635897e-01 -1.515839e-01  1.048645e-01 
        2   0.00000   0.55031   0.45000   0.01350   1.00551  2.335320e-01  3.058868e-01 -3.184945e-01  1.397332e-02 -2.196014e-04 -1.564664e-03  2.195587e-01  3.061064e-01 -3.169298e-01 -3.184945e-01  2.335320e-01  3.200797e-01 -1.564664e-03  1.397332e-02 -2.196014e-04 -3.169298e-01  2.195587e-01  3.061064e-01  2.528035e-01  4.607490e-01  7.197578e-01  2.406471e-03  1.065420e-02  1.999580e-02  2.503970e-01  4.500948e-01  6.997620e-01 
        3   0.00000   0.67879   0.45000   0.01350   1.02046 -3.727777e-02  3.658716e-01 -4.380573e-01  1.447527e-02  3.410894e-04 -2.207430e-03 -5.175303e-02  3.655305e-01 -4.358499e-01 -4.380573e-01 -3.727777e-02  3.800058e-01 -2.207430e-03  1.447527e-02  3.410894e-04 -4.358499e-01 -5.175303e-02  3.655305e-01  3.638377e-01  3.296233e-01  5.492932e-01  2.938377e-03  1.250377e-02  2.120054e-02  3.608994e-01  3.171195e-01  5.280926e-01 
        4   0.00000   0.80728   0.45000   0.01350   0.96861  1.460349e-02 -1.018201e-01  7.760404e-02  1.264639e-02  2.312024e-04 -8.702610e-04  1.957100e-03 -1.020513e-01  7.847430e-02  7.760404e-02  1.460349e-02 -8.940491e-02 -8.702610e-04  1.264639e-02  2.312024e-04  7.847430e-02  1.957100e-03 -1.020513e-01 -2.571828e-02 -9.379799e-02 -9.435976e-04  1.072082e-03  1.086167e-02  1.846481e-02 -2.679036e-02 -1.046597e-01 -1.940841e-02 
        5   0.00000   0.93576   0.45000   0.01350   0.96359  1.256360e-02 -1.561334e-01  4.847174e-03  1.264608e-02  5.318264e-05 -5.126121e-04 -8.248014e-05 -1.561866e-01  5.359786e-03  4.847174e-03  1.256360e-02 -1.435405e-01 -5.126121e-04  1.264608e-02  5.318264e-05  5.359786e-03 -8.248014e-05 -1.561866e-01  1.278229e-01  5.651525e-03 -1.128535e-01  6.943481e-04  1.139850e-02  1.831206e-02  1.271286e-01 -5.746975e-03 -1.311656e-01 
