0.5876146290581353 0.3501419495730508 0.0
0.5866804803001949 0.34966520565690884 0.0
0.5854934432101716 0.3490630869500712 0.0
0.5843054044401699 0.3484641801399041 0.0
0.583116381854042 0.3478685262366841 0.0
0.5819263679108309 0.3472761607178247 0.0
0.5807353671638422 0.3466871246882527 0.0
0.5795433715045202 0.34610145629572453 0.0
0.5783503979858612 0.34551920036529243 0.0
0.5771564125269014 0.34494039218219263 0.0
0.5759614319103521 0.3443650778430693 0.0
0.5747654215146788 0.34379329517634244 0.0
0.5735683588936956 0.3432250872564678 0.0
0.5723702478439098 0.34266049874882937 0.0
0.5711710269605235 0.3420995684341026 0.0
0.5699706989589031 0.34154234606403916 0.0
0.5687692281363734 0.3409888745534264 0.0
0.5675665525475662 0.34043919522612365 0.0
0.566362660840503 0.3398933614889899 0.0
0.5651575037857344 0.33935141736873625 0.0
0.5639510308023848 0.33881341325003334 0.0
0.562743191579864 0.3382793982459599 0.0
0.5615339355372961 0.33774942274118636 0.0
0.5603232234582987 0.3372235461811949 0.0
0.5591109785193029 0.3367018173597276 0.0
0.557897161233641 0.33618429699385843 0.0
0.5566816928857475 0.3356710427784728 0.0
0.5554645207324655 0.3351621152709763 0.0
0.5542455649770892 0.3346575772526219 0.0
0.5530247715250352 0.3341574956387746 0.0
0.5518020727549461 0.3336619384567232 0.0
0.55057738751869 0.3331709748456799 0.0
0.5493506595594022 0.332684681893745 0.0
0.54812180664781 0.3322031338264982 0.0
0.546890758729989 0.33172641011555515 0.0
0.5456574579273634 0.3312545954785673 0.0
0.544421806862175 0.33078777288258937 0.0
0.5431837590203404 0.3303260361060842 0.0
0.5419432159429609 0.3298694732024741 0.0
0.5407001427507312 0.3294181857394414 0.0
0.539454452349245 0.32897227083121977 0.0
0.5382060695491594 0.3285318321096706 0.0
0.5369549567683173 0.32809698385839486 0.0
0.5357010382768053 0.32766783225243784 0.0
0.5344442491686321 0.32724449507083975 0.0
0.533184537524011 0.3268270915239009 0.0
0.5319218627876475 0.3264157498827331 0.0
0.5306561708774733 0.32601059953037176 0.0
0.5293874206976236 0.3256117712811124 0.0
0.5281155565443185 0.32521940214754175 0.0
0.5268405605912496 0.32483363852239433 0.0
0.5255624020259044 0.32445462536714453 0.0
0.5242810486843441 0.32408251400122623 0.0
0.5229964930236124 0.3237174649645528 0.0
0.5217087017986296 0.32335963466292567 0.0
0.5204176791012175 0.3230091914254778 0.0
0.5191234279420567 0.32266630866770957 0.0
0.5178259505209721 0.3223311636198971 0.0
0.5165252612131375 0.3220039387583523 0.0
0.5152213733125853 0.32168482164575457 0.0
0.5139143247343304 0.32137400906526276 0.0
0.5126041271506944 0.32107169620910764 0.0
0.5112908417462478 0.3207780954388872 0.0
0.5099745161787873 0.320493420228123 0.0
0.5086551964843978 0.32021789167988807 0.0
0.5073329533201467 0.31995174011773486 0.0
0.5060078559916751 0.31969520222317543 0.0
0.5046799843582613 0.31944852755330866 0.0
0.5033494296436769 0.3192119747260449 0.0
0.5020162941659004 0.3189858126916979 0.0
0.5006806648241402 0.31877032041364795 0.0
0.49934267721899783 0.3185657978394186 0.0
0.4980024512620191 0.3183725562011919 0.0
0.4966601038916126 0.31819092071866073 0.0
0.49531578640995055 0.3180212425223602 0.0
0.4939696460649272 0.31786389181670355 0.0
0.49262183822550726 0.3177192631260181 0.0
0.4912725377462187 0.3175877843553565 0.0
0.4899219257106635 0.3174699166308284 0.0
0.48857018889094733 0.3173661568427845 0.0
0.4872175297607464 0.31727705306458703 0.0
0.48586416622502215 0.3172032058242019 0.0
0.48451031566068015 0.3171452806604491 0.0
0.48315623117233003 0.31710402513270186 0.0
0.4818021726467406 0.31708027994587723 0.0
0.48044841541448013 0.3170750007271661 0.0
0.47909525728984664 0.31708928743231485 0.0
0.4777430229079451 0.3171244264678256 0.0
0.47639208158853974 0.31718193170123277 0.0
0.4750428206759217 0.31726361986592627 0.0
0.4736957078103748 0.3173717115141831 0.0
0.47235125992521154 0.31750897062198913 0.0
0.4710100969124097 0.3176789273138232 0.0
0.46967297824201304 0.31788622455225807 0.0
0.46834086903787125 0.31813720765831366 0.0
0.4670150657355148 0.31844096508049863 0.0
0.465697442121086 0.31881140349510073 0.0
0.46439098349011726 0.31927186281301345 0.0
0.46310124714977086 0.3198677720973916 0.0
0.46226844192239247 0.3203703944589708 0.0
0.46163894757892493 0.32091623188298424 0.0
0.46119286664380865 0.32150105503044096 0.0
0.4609838573824744 0.3221362693177462 0.0
0.4608463674331652 0.32278668550410844 0.0
0.46076680455952673 0.32344941447050285 0.0
0.4610590103266687 0.3241911654338226 0.0
0.46194882810426335 0.3250599424854883 0.0
0.4637410626957863 0.32612053428522014 0.0
0.46511895753109195 0.3266715349159768 0.0
0.46647842295446434 0.32709511695458815 0.0
0.4678249543777553 0.32743700065874976 0.0
0.46916147628232774 0.3277208120475283 0.0
0.4704898043430064 0.3279607311894659 0.0
0.47181117715428933 0.3281661186537338 0.0
0.4731265084367874 0.32834358660519575 0.0
0.4744364916186073 0.32849803243541775 0.0
0.4757416994332171 0.32863323939549705 0.0
0.4770425953772942 0.32875221660836734 0.0
0.47833960009228077 0.3288574244964348 0.0
0.47963304972794857 0.32895090813905753 0.0
0.4809232649527262 0.3290344102903086 0.0
0.48221052412889276 0.32910943505322005 0.0
0.483495079933118 0.3291772947393824 0.0
0.4847771636665117 0.32923915211830396 0.0
0.48605699280809483 0.32929604740766794 0.0
0.48733477946021264 0.3293489210673358 0.0
0.48861070148407476 0.3293986245428607 0.0
0.48988493823872986 0.3294459397064697 0.0
0.4911576555839401 0.3294915868864477 0.0
0.4924290043611781 0.32953623201348364 0.0
0.49369913160135426 0.3295804964190051 0.0
0.49496817956260175 0.32962496136204555 0.0
0.4962362719634885 0.32967017027034157 0.0
0.49750352591510927 0.32971663513080113 0.0
0.49877006452889 0.3297648397009925 0.0
0.5000359767416929 0.32981524093752745 0.0
0.5013013573285401 0.32986826833063304 0.0
0.50256631675351 0.32992434008587757 0.0
0.5038309192118542 0.3299838419803595 0.0
0.5050952448581651 0.33004714723492673 0.0
0.5063593643745391 0.3301146111084725 0.0
0.507623339240861 0.3301865696263438 0.0
0.5088872206536639 0.33026334466670854 0.0
0.5101510627826178 0.3303452441202239 0.0
0.5114148973386924 0.33043255648433273 0.0
0.512678758195139 0.3305255600837424 0.0
0.5139426946439796 0.3306245232300937 0.0
0.5152067070055574 0.3307296945224764 0.0
0.5164708242754756 0.3308413127065815 0.0
0.517735051368926 0.33095960476443664 0.0
0.518999396174237 0.3310847836905588 0.0
0.5202638560261001 0.33121704960387804 0.0
0.5215284296106332 0.33135659626536484 0.0
0.5227931185870907 0.3315036034484791 0.0
0.5240578883589672 0.33165823391698157 0.0
0.5253227321941619 0.3318206443960101 0.0
0.5265876192801622 0.331990979847039 0.0
0.5278525215073074 0.332169372515624 0.0
0.5291174256441376 0.33235594717743766 0.0
0.5303822822034321 0.33255081159845334 0.0
0.5316470565761713 0.33275406607476143 0.0
0.532911703329413 0.3329657992984572 0.0
0.5341761921787004 0.33318609122016096 0.0
0.5354404817453691 0.33341501145808966 0.0
0.5367045206376881 0.3336526142116895 0.0
0.5379682463697187 0.3338989433480035 0.0
0.5392316370358453 0.3341540393983037 0.0
0.540494634204407 0.33441792715575464 0.0
0.5417571694306763 0.3346906159947505 0.0
0.5430192267553121 0.3349721184715417 0.0
0.5442807285313753 0.3352624247269758 0.0
0.5455416506784545 0.3355615229973895 0.0
0.5468019196038887 0.3358693843497521 0.0
0.5480615028359107 0.33618597397207806 0.0
0.54932035599769 0.33651125053475445 0.0
0.5505784246993293 0.3368451572893973 0.0
0.5518356824153356 0.3371876314489998 0.0
0.5530920779992341 0.33753860100607563 0.0
0.5543475762638909 0.33789798139688765 0.0
0.5556021558192319 0.33826568567418336 0.0
0.556855772005627 0.33864161131227116 0.0
0.5581084077575651 0.3390256510184284 0.0
0.559360022199409 0.33941768446467724 0.0
0.5606106144952738 0.3398175905304524 0.0
0.5618601475535151 0.34022523108548985 0.0
0.563108624322241 0.34064046720693797 0.0
0.564356036655352 0.34106314963954204 0.0
0.5656023788393155 0.34149311768372054 0.0
0.5668476462417397 0.3419302055535241 0.0
0.5680918361222289 0.3423742385618605 0.0
0.5693349857801407 0.34282504122905016 0.0
0.5705770832728683 0.34328241963445427 0.0
0.5718181439816389 0.34374617636199484 0.0
0.5730582230571474 0.3442161144745986 0.0
0.5742973134219207 0.3446920171629728 0.0
0.575535473470076 0.34517367223094164 0.0
0.5767727380558896 0.345660853175482 0.0
0.5780091306691445 0.3461533244327596 0.0
0.5792447272850104 0.34665085362079656 0.0
0.580479554636693 0.3471531899166559 0.0
0.5817136921049553 0.3476600849163022 0.0
0.5829471950171774 0.3481712783248773 0.0
0.5841801331194549 0.3486865045393465 0.0
0.5854125650636759 0.3492054876242715 0.0
0.586644576447163 0.3497279499290035 0.0
0.5876146290581353 0.3501419495730508 0.0
