0.0017481919412955516 -0.01663293526542075 0.0
0.003239119039567068 -0.020568965802350014 0.0
0.00466714903307488 -0.022669973736090872 0.0
0.007702641477413823 -0.02540748045943627 0.0
0.012344419762385074 -0.028006392961458834 0.0
0.016795251950509325 -0.029706974706967475 0.0
0.02112433105249068 -0.0308347532174864 0.0
0.029588881889963902 -0.03217945919272092 0.0
0.03791172011897574 -0.03285745976329528 0.0
0.046136091371216284 -0.033072209630162115 0.0
0.05429659215203761 -0.032986472554083525 0.0
0.06241118603152637 -0.03268476048776291 0.0
0.07047654642262949 -0.03215142306958853 0.0
0.08650547364101137 -0.03060584716792049 0.0
0.10241597436030345 -0.028503118392874473 0.0
0.11822601215059236 -0.02592774869715389 0.0
0.13393691764669938 -0.022885998225403423 0.0
0.14955800529237318 -0.019421687990135952 0.0
0.16508395254832867 -0.015509777412772693 0.0
0.18050012243153246 -0.01108140490222198 0.0
0.18816363110662299 -0.00865750380134931 0.0
0.1957892166893084 -0.006055188578102777 0.0
0.2033742179099462 -0.0032619389431930088 0.0
0.21092728389487433 -0.0003184458368105311 0.0
0.21844641869186104 0.0027846809580117093 0.0
0.22593561420536998 0.006028661007339606 0.0
0.23339952765727545 0.009391583804916743 0.0
0.24083948968239877 0.012867189206098414 0.0
0.24826281877225673 0.016421046415338796 0.0
0.2556741721487234 0.020031244926381427 0.0
0.2630688925899248 0.023719695245482775 0.0
0.2704542985873775 0.027451966577097 0.0
0.2778337167281347 0.031212408559612353 0.0
0.2852104735992494 0.034985370831417104 0.0
0.2925872304703641 0.038758333103221854 0.0
0.29996132607183634 0.04254381566431598 0.0
0.3073320950862555 0.046344948587021866 0.0
0.3147061906877277 0.05013043114811601 0.0
0.3142344806436004 0.05013043114811601 0.0
0.3066667776756386 0.049475020909370046 0.0
0.29893407598984395 0.047376647330021567 0.0
0.29111488304066907 0.04568518315257837 0.0
0.2832205092240945 0.044347417147560506 0.0
0.27525361580976265 0.04335082902567859 0.0
0.2672374889070452 0.04258586625565044 0.0
0.25918676549897557 0.041983667246384394 0.0
0.2510981189985009 0.0415598823594922 0.0
0.24297820257972724 0.04128321087175038 0.0
0.23486626996988086 0.040968978516140356 0.0
0.2267290552984311 0.04077368890877958 0.0
0.21860248570555127 0.04052831814426122 0.0
0.21047990801713515 0.040264166945808796 0.0
0.20236531413764636 0.03996245487948818 0.0
0.19426535724119118 0.0395918812220759 0.0
0.18618535986705448 0.03912740539499318 0.0
0.17813729772862735 0.03851268609643774 0.0
0.1701211708259099 0.0377477233264096 0.0
0.15419935971063733 0.035698205780843505 0.0
0.13838067279401042 0.033163527025313444 0.0
0.12263783206219375 0.030272020025035686 0.0
0.1069648496584919 0.027051855430911376 0.0
0.09136039494808358 0.0235092933875852 0.0
0.07583178642248556 0.019609903099511335 0.0
0.06040696741294377 0.015222221529151155 0.0
0.052732148341872724 0.012851531657758394 0.0
0.045089264506511295 0.010330598314892919 0.0
0.037489626302839966 0.007606210271074807 0.0
0.02992192333487823 0.004731578755783989 0.0
0.022423413377620643 0.00153141971896896 0.0
0.015024035714544966 -0.002135120093875951 0.0
0.01136293529282291 -0.0041499341949945995 0.0
0.00778300359519609 -0.006546617119439727 0.0
0.004295551017645037 -0.00937838009669125 0.0
0.002352509761538929 -0.01178045212664156 0.0
0.0017261872478243965 -0.013451181341330255 0.0
0.0017481919412955516 -0.01663293526542075 0.0
