0.12786939107154605 0.020271389854731536 0.0
0.12747729830429486 0.02014020242442926 0.0
0.12631697934372765 0.01973408388293161 0.0
0.12442073377439439 0.019038635034500716 0.0
0.12183596061519773 0.018055956594981118 0.0
0.1186155261547417 0.016799943726453378 0.0
0.11481911537732173 0.015289928077829296 0.0
0.11050633343312398 0.013551869542623501 0.0
0.10574560678139182 0.011620248255339898 0.0
0.10060428074057645 0.009534630718006205 0.0
0.09514989108021776 0.007339940085372027 0.0
0.08944480736822244 0.005086646615997543 0.0
0.08354558178348855 0.0028213259586907053 0.0
0.07751193009318154 0.0005819229042908648 0.0
0.07140456937114975 -0.001592075879283627 0.0
0.06528367612084542 -0.003658640540352499 0.0
0.05920796480275106 -0.005581368165155426 0.0
0.05323006220314258 -0.007326478857803353 0.0
0.047403596414978696 -0.008858650845328206 0.0
0.0417722930813686 -0.010145996228227372 0.0
0.03636770249700805 -0.011161873142740772 0.0
0.031210710702388435 -0.011904500209461306 0.0
0.02633581034651423 -0.01237983621724694 0.0
0.02177611186952963 -0.012606095137478405 0.0
0.017576710608903524 -0.012601601558515784 0.0
0.013779347862748719 -0.012381405863472413 0.0
0.010421679868337088 -0.011960097699174874 0.0
0.007533272575368014 -0.011357973484479044 0.0
0.005147236423985682 -0.01059324719076566 0.0
0.0032784496145841432 -0.009673388701101727 0.0
0.00191613727597968 -0.008635243397164923 0.0
0.0010480317111489382 -0.007539896740480429 0.0
0.0006764914066339614 -0.00649848701221738 0.0
0.0009695809640476022 -0.005620156640810881 0.0
0.00203737003826732 -0.004834993101809616 0.0
0.0038323124566722513 -0.004069372951466998 0.0
0.0063512936822343845 -0.00333990671834479 0.0
0.009603595760297802 -0.002633989100612793 0.0
0.013574021154030998 -0.0019176372367926756 0.0
0.01821369053319221 -0.0011547242521910053 0.0
0.023452267173782154 -0.0003269746096870867 0.0
0.02922030504150511 0.0005734442075940787 0.0
0.0354399975292948 0.0015499295363791416 0.0
0.04202953280335339 0.002599711205078684 0.0
0.04890274368384405 0.0037217513702710063 0.0
0.055972271233158365 0.004908113658733515 0.0
0.06314694173804505 0.006150050841649423 0.0
0.07033739364752989 0.007436542791638101 0.0
0.07744944932831296 0.008754216648645717 0.0
0.0843958296768952 0.010088507794846841 0.0
0.09108698269121365 0.01142303945013896 0.0
0.09743925359232351 0.012738701199568964 0.0
0.10336871731608173 0.01401765422006468 0.0
0.10880243238898724 0.015240407194495598 0.0
0.11366899921461786 0.016386467499048298 0.0
0.1179039167263524 0.01743415075213778 0.0
0.12144850124657827 0.018365667181931267 0.0
0.12424523007258448 0.019151512404469318 0.0
0.126256815354776 0.01975452170163681 0.0
0.1274668552840492 -0.009673388701101727 0.0
