0.9989721510659304 0.03925196718220787 0.0
0.9958353226803532 0.03872707892796852 0.0
0.986530980791847 0.03703781221670423 0.0
0.9712871976510562 0.03403590023322769 0.0
0.9504666200478671 0.029680266149701096 0.0
0.9244876256677516 0.024012863658441585 0.0
0.8938269398895801 0.017108745495183486 0.0
0.8589686575897579 0.009093419231961306 0.0
0.8204741472096585 0.0001465107940467128 0.0
0.7789026837524061 -0.009512408711898446 0.0
0.7348214350782224 -0.019623299638259734 0.0
0.6887649933634743 -0.02987776093937222 0.0
0.6412190660269161 -0.039989980958078264 0.0
0.5926830102995861 -0.049743528745090596 0.0
0.5436656463483087 -0.05891146369621194 0.0
0.4946747476207823 -0.06724687261654999 0.0
0.44620020841226055 -0.07454383421172744 0.0
0.39868251490082196 -0.0806090302805267 0.0
0.35257161620032956 -0.08523863296682017 0.0
0.308238094421429 -0.08824298758632729 0.0
0.2659537154404152 -0.08945764564108681 0.0
0.22587930670197356 -0.08889420596879496 0.0
0.1882697591854171 -0.08663944753386649 0.0
0.15335471522007796 -0.08287159603753128 0.0
0.1214547405125411 -0.0777841395356525 0.0
0.09286885810000908 -0.07154165391717551 0.0
0.06786560877407936 -0.06430029885438544 0.0
0.04664519933760393 -0.05624985642254703 0.0
0.029437272119914946 -0.047568552322890215 0.0
0.016345876950987298 -0.03833104332257105 0.0
0.007244813044578488 -0.02880430013449975 0.0
0.00196736860983209 -0.01943766358565447 0.0
0.0003977251244313749 -0.01107835623822794 0.0
0.003681434973563711 -0.004757838092797829 0.0
0.012738892335213338 -7.739301333167109e-05 0.0
0.027297454468606118 0.0035795549775676106 0.0
0.047313470211753444 0.006090553537917319 0.0
0.07287262934628383 0.007540203266559683 0.0
0.10390036003236394 0.00820498027585141 0.0
0.14006876952953481 0.008418180756521287 0.0
0.18086545908135848 0.008403294114136484 0.0
0.22577223051254877 0.00830339603192138 0.0
0.2742020282995116 0.008237926085468254 0.0
0.3255299451755124 0.008284285230729478 0.0
0.3791000682686492 0.008538276935665239 0.0
0.43423912891413685 0.00904472647237313 0.0
0.4902438995611478 0.009846889034263452 0.0
0.5464221856733269 0.010968570583613856 0.0
0.602042370892491 0.012421497349104714 0.0
0.6564238170563198 0.014200039766533466 0.0
0.7088664367713602 0.016287535257225136 0.0
0.7587116579042366 0.018639455794711848 0.0
0.8053003849620108 0.021221259647873244 0.0
0.848054982893213 0.02397263307604579 0.0
0.8864083263012822 0.026823799402780825 0.0
0.919844267985521 0.029687626158746733 0.0
0.9478955455028443 0.032499570263119164 0.0
0.9700896203508814 0.0351046886173834 0.0
0.9860984723981895 0.037265488498770837 0.0
0.9957549089580106 0.038732878346816636 0.0
